# 3D point list with one line of data per point:
#   POINT3D_ID, X, Y, Z, R, G, B, ERROR, TRACK[] as (IMAGE_ID, POINT2D_IDX)
# Number of points: 70, mean track length: 3.1000000000000001
2 5.3125007771844936 -9.4480276257217159 25.384597004749597 120 120 117 1.135735726657253 3 315 4 140 1 273
3 4.8375280533212974 -8.8258756422843856 25.606698002276808 132 126 125 0.83162619003980931 3 195 1 282 4 34
4 5.0101570926322641 -8.8496169163113354 25.621935341177089 72 50 49 0.8967190548484828 3 194 4 90 1 283
5 8.3983254950817763 -9.1319891737506698 26.455649351296668 143 151 153 0.54227643346696497 1 289 3 348
7 -2.0585823878115566 -9.8347133438778815 25.287351948869848 75 81 79 2.3004051087094339 2 309 3 283 4 209 1 356
8 -2.0519901039792265 -9.8598534499201946 25.303160279213834 77 82 80 2.6529040821147376 2 310 3 284 1 357
9 -2.2598996500367425 -9.5955102320774532 25.386309993809061 140 141 137 1.5070592445976361 3 286 1 362 4 337
10 3.4904704467224543 -9.4162747679593704 25.449995456533905 139 147 148 1.0118353078360525 3 312 4 139 1 399
11 4.179157573814094 -9.2394228759596064 25.52363129244263 66 51 45 1.0994709370303415 3 326 1 405
12 4.9000178410198183 -9.2768913008942633 25.64196582433571 73 64 65 0.088758774902198287 4 241 1 407
13 -2.252080573857921 -8.9029889400054767 25.5371809581737 137 134 129 1.8551735210562608 3 327 4 344 1 408
14 2.7928324363393262 -8.436052758829744 25.557142038326582 47 37 34 1.0924995373078532 3 351 4 264 1 436
15 2.5983058577769871 -8.2612759326004923 25.457104962598478 139 139 139 1.7144633617029328 2 275 3 360 4 272 1 451
16 3.7944735454222838 -8.3289398438557249 25.719846392814219 105 104 102 0.63299663064324541 3 361 4 151 1 452
17 -0.96784283353528033 -7.9717951650321082 25.696308830997943 141 148 150 2.5356400256022433 2 362 3 367 1 454
19 -1.1620561907943845 -7.6772639287331801 25.669941789619322 84 87 88 1.4075353874674967 2 372 3 381 4 288
20 7.6047692598222634 -8.3330636172564407 26.273530142349859 136 141 143 0.25451833685934355 3 377 1 471
21 3.7491775133656673 -7.3711835901202356 25.389202075050687 37 21 19 1.7437157153436154 2 289 3 485 1 473 4 167
22 8.3848701728823158 -8.0178504556698016 26.45865543177062 87 91 93 0.12193520690723053 3 387 1 476
23 5.3438512682754862 -6.6542075745737961 25.494359176054999 93 62 55 0.92490834110099529 3 508 1 488
24 7.6029724365203375 -11.10098672101631 25.816638494297553 24 30 29 0.95516172108461372 3 492 1 503
26 4.7815705937718409 -8.8053999231132032 24.681723182231593 122 126 127 0.42238606301443959 3 455 4 249
27 1.0345785798917277 -7.7899925962424827 25.795678506535229 79 84 85 2.1803538333175041 2 376 4 351 1 513
28 1.3293007384643303 -6.5419534149765903 25.826343458540052 77 43 42 1.6832182125830439 2 450 3 507 4 361 1 521
29 -2.681140294428781 -11.35169674289862 25.314623654260537 7 10 12 1.5934996121156342 2 518 3 512 4 469 1 533
30 -1.4248663730109441 -8.8826224232196918 25.559529752275903 133 136 134 2.2617444528472013 2 431 3 493 1 551
31 1.4282027318586987 -7.8706979373822819 25.869796426351591 72 75 74 2.4498108427320067 2 506 4 383 1 553
32 -1.5209697037998793 -7.7526679889683656 25.991636753455705 60 65 66 2.3062232048688043 2 504 4 384 1 555
33 2.0627577902273826 -6.4082813467600817 26.248624944423085 77 40 41 1.4650687481677671 2 510 4 387 1 563
34 -2.1265904945684349 -11.008186006547984 25.024823551146735 100 109 111 2.2119805193206625 2 519 3 611 4 470 1 571
35 -1.2383379249226292 -11.120501670319454 25.302984933953052 97 107 104 0.98178209345624645 4 392 1 572
36 -2.1632549204504516 -10.192671417421762 25.160153665747472 130 135 137 1.9037822318979658 2 522 3 536 4 410 1 577
37 -1.009892525781213 -9.4893232252160331 25.388943474024106 88 97 97 2.1833655973735975 3 548 1 589 2 525 4 422
38 -0.99524761498520953 -9.4802486350930746 25.447428259957473 90 97 96 1.8643879867965039 3 547 1 590 4 421
39 2.6038575491217948 -9.5224112863839441 25.432313261813977 102 109 109 1.2444333206651808 3 557 4 430 1 599
40 2.5940412967798778 -9.459823518622736 25.125692345542653 105 112 113 2.3605255787305301 2 487 3 558 4 429 1 600
41 3.3458637828660045 -9.5681331189558545 25.505990633735625 109 116 119 0.89694517057121537 3 559 4 431 1 601
42 4.0646387861864008 -9.5701032618647215 25.484219873358629 110 118 118 0.67528250310691995 3 560 4 432 1 602
44 9.2971229171436356 -10.140269824990147 26.414172755050824 88 97 97 0.53666032475266368 3 618 1 606
45 -0.80329606390770358 -8.8263343376733108 25.619503408530331 82 89 90 2.0505471932797166 2 529 3 567 4 438 1 607
46 1.3649601697669231 -8.8117785850312877 25.436876435066569 93 100 99 2.1352269280813769 3 573 4 443 1 612 2 494
47 2.0845483214410456 -8.8182970711865369 25.5294942238265 91 97 99 1.8120135153615375 3 576 4 445 1 614
48 2.7982014027864039 -8.7923424033568676 25.252069632002129 88 92 96 1.994242645714035 2 496 3 577 4 447 1 616
49 5.5642607847112195 -8.7457345682912635 24.807228105409834 138 138 138 0.24873583951718209 3 578 4 374
50 -1.2164877773291642 -8.0785578693383329 25.706138302531048 143 148 143 2.6082835116238621 3 586 4 450 1 621
51 -0.43256415280633276 -8.1069991420479948 25.690295937070136 103 108 107 2.1137930461157364 2 532 3 587 4 451 1 622
52 -2.1822230421568807 -8.1487125046584037 25.862302813565499 82 86 86 2.377599967687845 2 531 4 449 1 623
53 0.29441554974606365 -8.077780234545525 25.605076500157491 82 86 86 2.1773392566874978 2 533 3 588 4 452 1 624
54 1.0262538684986195 -8.0978586352160438 25.582787790465726 120 127 129 2.0168814850105008 2 500 3 589 4 453 1 625
55 1.7420635646816944 -8.0885294771490788 25.510507862339313 87 93 92 1.8129125105995141 2 501 3 590 4 456 1 628
56 2.4695558171836987 -8.1059018025965557 25.458207110368797 80 85 87 1.6586225921309969 2 534 3 592 4 457 1 629
57 5.9259781551755353 -8.0562193723205411 24.815140942044529 140 141 141 0.3991075845974944 3 593 4 379
58 5.9096834306040869 -7.4193350530802995 25.601517546366161 125 133 135 1.2221313684515611 3 599 1 637 4 459
59 7.6229942125610881 -7.6248519334494427 26.53193941522137 103 111 113 0.16129042116532405 3 602 1 640
60 4.4814457495375342 -9.2128081873096619 25.907398729508056 101 50 49 1.0382682296372441 3 620 4 434 1 654
61 5.1404737304332437 -8.4843178807239532 25.612974212368254 83 43 40 1.2499774525066432 3 633 1 655
62 -2.1106711177729931 -7.2433694610049697 25.774506887762598 129 136 138 0.83085415439676813 2 543 3 622 4 472
63 -1.0333398808708245 -7.309399159698085 25.90818051064333 124 129 129 2.3177021788225729 2 544 3 624 4 474 1 658
64 -0.13320730538760925 -7.3113368865111932 25.773566504082261 127 134 134 2.0195834060439459 2 545 3 625 4 475 1 659
65 2.1558562341242733 -7.361138359903344 25.783351906765411 129 133 133 1.6845095915430583 2 547 3 626 4 476 1 661
66 3.3577877281560835 -8.6088207394843241 25.000885192260558 75 37 33 2.1720675903574054 2 554 3 637 4 489 1 665
67 10.000002220388735 -7.5673940949712186 27.844297061761335 12 17 20 1.4173928254558392 3 628 1 667
72 5.1361766189809774 -4.3981425550531954 27.778613643853998 178 182 181 2.735892287907737 4 500 1 687 3 650
74 -0.3246858461338602 -7.9116407250474907 25.548512812265916 142 148 148 1.2815625669740853 3 468 2 365 4 276
75 0.38979429998095488 -7.9051285719755064 25.520043477878026 141 145 146 1.135831752463518 3 470 4 278 2 367
78 -1.781658060373503 -9.4081840904841432 25.166571779920563 135 141 141 1.4556896490583788 4 418 2 479 3 546
79 -2.1118059775054379 -9.3878766737196706 25.12472316799548 76 85 87 1.9602266236675512 3 617 4 471 2 523
80 -0.1173592807887692 -8.7499338622299874 25.40536526705548 89 95 97 1.5484074012990803 4 440 2 530 3 569
82 -2.5352586271403932 -6.8215287535586491 26.313940265950677 6 7 9 0.26782611018903907 3 634 4 482 2 557
84 0.53690841178226123 -7.4192234210076524 25.57052379098598 136 135 134 1.8987706696359332 2 379 1 304 4 357 3 483
