# 3D point list with one line of data per point:
#   POINT3D_ID, X, Y, Z, R, G, B, ERROR, TRACK[] as (IMAGE_ID, POINT2D_IDX)
# Number of points: 60, mean track length: 3
1 4.8494505984150562 -8.0063173526661267 25.120257236951005 31 26 27 0.40324234724918617 4 88 1 74
2 -0.059407190955304362 -7.2158758172708373 24.90065478104869 73 79 81 2.2405491613883628 3 210 1 159 4 91
3 -1.3765379200615748 -7.035499117614922 25.429765096458809 68 67 66 2.3259425223716268 2 146 4 94 1 165
4 3.7567643578388501 -8.5498429577336363 25.049533832221794 127 131 132 1.2420495444004056 3 317 1 224 4 229
5 5.7602212788063794 -8.5053703164622458 24.142869323435107 59 39 40 0.36838710901089849 3 192 4 83
6 4.6625759325533176 -7.6458330461340376 24.288599960661138 78 81 84 3.5146933462405694 2 252 1 235
7 4.4386200951373471 -9.2575226036275868 24.811399454753893 137 142 144 0.62858876430968791 3 289 4 126 1 335
8 -1.2406457502958605 -8.7407526161467288 24.526482843648598 137 131 124 2.0307877149763671 3 291 4 282 1 337
9 5.8390657898747049 -9.2891345675226393 24.904517356566014 132 137 141 1.4355317409993897 3 415 4 213 1 343
10 3.9139719025297581 -8.8573024639851674 24.997861977323094 133 140 141 1.1249631479579145 3 307 1 356
11 3.7439111238759741 -8.3415805613209901 25.113694612511065 32 28 27 0.84725873442337374 3 324 4 235 1 376
12 3.5466386195531556 -8.0342716740288083 24.519855452253754 130 134 135 2.1753207738975906 2 246 3 330 1 383
13 0.019117394550970345 -7.8019955853441303 24.766880282596869 133 142 140 2.4573313617529067 2 332 3 334 1 385
14 4.7280831604216518 -8.2017834630581596 25.162996202605729 103 105 107 0.86595544853776873 3 331 1 392 4 133
15 3.513335765515321 -7.8447392830282867 25.039157342216665 138 137 137 1.2683700691743847 3 340 4 247 1 398
18 5.9114916027116182 -8.817276855838708 24.545789764822224 121 121 126 0.30178140884557075 4 219 3 309
20 1.4187039952606921 -7.7802881420302539 24.690545419424872 135 142 143 2.1237245652573353 3 439 1 450 2 334
21 -0.28133869405449091 -7.3532697781663101 24.942496801874373 123 130 129 1.9628219782630085 2 411 3 451 1 456
22 4.6562373743189331 -7.12733187121112 24.560842408098853 33 19 17 2.9246125505799117 2 341 3 455 1 459
23 6.2585699959697108 -6.3986613186914605 24.781617465995637 82 50 46 2.9257185422222829 3 484 1 461 4 317
26 -0.53900133996779909 -7.5422266677218905 24.930353885303436 38 43 47 2.1132816455459502 2 445 3 446 4 285 1 482
27 1.6567394340516022 -7.6932902448112346 25.031366943354374 66 72 73 2.3532596531285574 2 410 4 312 1 483
28 2.3345898635717175 -7.6284911751834326 24.924224368974798 73 77 78 1.996556536472847 2 446 3 476 4 313 1 485
29 4.4900949690494301 -7.5101490730549028 25.62041806429195 84 85 85 0.47911261509108483 3 454 1 489
31 2.973783475495106 -6.3156193404328924 25.691610364303155 71 39 40 0.89349356503263222 2 450 4 319 1 498
32 2.3832909263065565 -6.0095025618369169 25.90004491834058 40 26 25 1.8146147765023481 2 451 4 293 1 499
33 -1.1008123129194913 -9.986830301250059 24.130255896545844 126 137 138 1.3463894523397959 3 586 4 339 1 515
34 2.5081715212357905 -10.0948543130066 24.482581340830535 112 124 127 0.84956719398058356 3 508 1 521 4 344
35 -1.0515136767275592 -9.2025470370518558 24.027045072968065 60 74 77 2.033678596555665 2 483 3 587 1 526
36 -0.72320066519600557 -9.3996013771134699 24.449682213210913 122 134 139 2.6932498773729763 2 466 4 345 1 527
37 0.013467333072997963 -9.3755857126899578 24.455328965081076 87 99 104 2.7483773347259639 2 467 1 529 4 346
38 4.2926242327540622 -9.3784448831461376 24.772670322452349 96 105 106 0.90687818102758933 3 522 4 356 1 542
41 -1.1776094262075423 -8.5843291920366678 24.47898997095044 104 105 104 2.4215296106813664 2 473 3 531 4 389 1 545
42 0.20249400020327044 -8.6998766862940329 24.713734637541229 69 79 83 2.6241364207057543 2 474 1 546 4 357
43 3.0444206343395708 -8.7065216864596078 24.902905179543254 88 98 101 1.1293475987364789 3 538 1 554 4 366
44 3.7593285399340117 -8.6817613365984236 24.839967890287429 75 86 90 0.99974871761907846 3 540 1 555
45 6.6314196379234129 -8.7550809286060378 25.017188114810097 127 130 131 2.6209380390223109 3 541 4 307 1 557
46 7.441326510469616 -9.0282541862140224 25.818651706315563 117 123 120 0.44604826285290444 3 542 1 559
47 -1.1447832345241675 -7.9097130732260048 24.687586305295554 75 81 82 2.206600360570119 2 476 3 588 4 391 1 561
48 -0.33056560968229004 -7.8653399688217069 24.608981259104294 137 145 149 1.6694679076800512 2 477 3 589 4 392
49 0.54270025317053794 -7.9403178006448858 24.77098722438274 96 105 106 2.1805746146777487 2 478 3 545 4 368 1 563
50 1.2515998104524975 -7.94039587104084 24.782336232528365 67 73 76 2.0653806682883462 2 479 3 546 4 369 1 564
51 1.9866510746854242 -7.9761492543670283 24.964857616674919 126 134 136 1.6426304241383543 3 547 1 565 4 370
52 2.6897498520311292 -7.9716703475973487 24.994396347039341 72 81 83 1.4530113036540551 3 549 4 372 1 568
53 7.0570632117369723 -8.2685322551111931 25.861692590534542 128 134 135 0.2651064415066246 3 552 1 571
54 6.8119604212923104 -7.3046527529568666 25.326438482251511 122 131 133 2.567709506280321 3 560 1 578 4 377
55 -1.0781513889185996 -7.1600033696921148 24.946413520157847 123 134 134 2.2202898746142821 2 485 3 590 4 394 1 596
56 -1.0781513889185996 -7.1600033696921148 24.946413520157847 123 134 134 2.2202898746142821 2 486 3 591 4 393 1 597
57 -0.060818640959934091 -7.1696044860966301 25.048651422517178 122 130 133 2.2446599525054123 2 487 3 593 4 395 1 598
58 0.82947086715112961 -7.1829461399269894 25.012736837174334 125 134 137 1.9617080336529369 2 488 3 594 4 396 1 599
59 3.0794786573302937 -7.2489913616092556 25.200823000669828 122 131 134 1.8013829506384254 2 490 3 595 4 397 1 600
60 -1.6055451870676696 -6.7656480963754735 25.426201314161748 6 7 9 0.61569343235031959 2 500 3 605
66 -1.1780161450861097 -10.701458158797324 22.96992996476002 138 143 144 2.6577441346765815 4 162 2 160 3 223
70 4.5769473849478288 -7.4587782424831435 24.16465294877397 20 12 14 2.0567573581314793 4 251 2 339 3 344
72 4.0010576703709217 -8.7136474638226264 23.709412715232411 36 29 25 2.6016006919859898 3 416 4 283 2 400
73 2.2054221320563987 -6.42984866434126 25.195641239371945 71 39 40 0.90297834355219742 4 292 2 416 3 456
74 -1.074135963556434 -10.617384257383636 23.306536905030974 95 111 114 2.8406475505633377 3 572 4 388 2 459
75 0.53893754001668104 -8.9724266334024474 23.267064459244892 71 81 92 1.2278418509078812 4 348 2 469
76 0.8660946506230659 -8.579930942368506 24.393310561097778 84 93 95 1.9805324297399471 3 533 4 359 2 475
77 -1.6225268683233547 -11.040256229684049 23.721448081814902 7 11 12 2.2965836817775336 4 387 2 482 3 489
