# 3D point list with one line of data per point:
#   POINT3D_ID, X, Y, Z, R, G, B, ERROR, TRACK[] as (IMAGE_ID, POINT2D_IDX)
# Number of points: 76, mean track length: 3.0789473684210527
1 5.3286530328776527 -9.1687594740019112 25.705543026674007 11 12 11 1.0520539007148555 3 54 4 32 1 70
2 5.0140319508570359 -8.8161132357278547 25.516528831302161 70 54 54 0.85620115211587466 3 196 4 91 1 190
3 -1.0107931940745769 -7.3795637059436636 25.835882750871438 60 67 66 2.0591289440798115 2 162 1 209 4 105
4 -2.3412373644393658 -7.0565065101863196 26.212485866062348 61 61 61 2.4172101410260827 2 167 4 50 1 214
6 -2.031160495473098 -9.8039414715824496 25.234328821014302 77 82 80 2.5040629307610827 2 314 3 272 4 201 1 275
7 2.9083940551347647 -8.667516533136741 25.366376208700778 127 126 129 1.915598847363706 2 264 1 299
8 2.8064467758822556 -8.3347595501920377 25.214430805772015 42 33 30 1.5001106167399005 4 262 1 305 2 370 3 461
9 3.7782373858804359 -7.881829427608567 25.058984381321441 95 94 95 1.7586506164554241 2 281 3 212 1 311
10 3.5025776849940642 -9.3716984856930807 25.351113025463651 143 147 149 0.92473482570745835 3 306 4 138 1 413
11 -2.221304882972762 -8.8468502321492757 25.41916413764266 140 136 131 1.8684898118617053 3 321 4 334 1 416
12 -0.911393254890004 -8.5516542833648366 25.403718964008132 138 143 141 1.8777957898827298 3 338 1 429 4 242
13 2.6188234443401868 -8.2120649039501803 25.358398496021984 138 139 138 1.6737977755217517 2 275 3 357 4 272 1 456
14 3.8017517526833391 -8.1513154814823139 25.100523053160813 107 106 108 2.107262640489115 2 276 3 358 1 458
15 2.5987757700319798 -7.9323929088920471 25.506513686278112 137 136 134 1.4317448957400061 3 371 4 282 1 474
16 7.6299866130708738 -8.3109153149956878 26.242030610572247 138 144 145 0.072059276896910329 3 375 1 477
17 1.3386709025023176 -6.5014301298215669 25.657641674565923 78 43 42 2.0397422885539296 2 469 3 480 4 346 1 496
19 4.7831121682320044 -8.7604239859035857 24.558140538743277 124 128 129 0.47914668540059979 3 448 4 239
20 5.4851483439472677 -7.9704240275881517 25.387248680690711 130 130 130 0.97303162265114518 3 372 1 518 4 98
21 3.5531364950346029 -7.356889450435677 25.155724233547964 78 78 78 1.8145929954900675 2 390 3 476 1 524
24 15.723843120361602 -32.525729127774163 62.642326907982444 16 21 21 0.49279824914284343 2 487 1 547
25 8.2471232551817604 -10.003317112024444 26.222203234713398 140 144 145 1.1146185631571885 3 560 1 557
26 -1.3984540330415021 -8.8616867992961712 25.515344708863932 133 136 132 1.7727592591688619 3 446 1 558 2 446
27 1.4321968800872236 -7.7310308099388783 25.591109392116344 75 79 81 2.2391330031981456 2 520 3 490 4 366 1 560
28 2.1416318119728395 -7.7978476989563745 25.705819546170758 52 55 56 2.3875300318734785 2 521 1 561 4 338
29 -1.4911146068259924 -7.6196286700789475 25.717177431480881 51 57 58 1.9832136538437595 2 519 4 368 1 562 3 471
30 -0.55696500257998871 -7.6749285329582397 25.800251514612661 56 62 64 1.9434057567913552 2 463 4 369 1 563
31 7.895330165245011 -8.0788771696383179 26.475329344309728 18 20 22 0.11615508595785193 3 588 1 567
32 2.0881657808078447 -6.352844608156194 26.155244521570168 83 43 44 1.5264581090616032 2 524 3 500 4 374 1 571
33 -2.1009615777625723 -10.960892650134525 24.924261447058459 100 108 111 2.1583620986341088 2 529 3 604 4 459 1 578
34 1.0337947231845792 -11.146396278607977 25.333603440716178 94 104 105 1.1272485724460859 4 383 1 582
35 -2.1359929528469128 -10.136438022800139 25.046635399107483 131 135 137 1.8288854568010537 2 532 3 531 4 398 1 587
36 1.5274042742461342 -10.240923221738454 25.276783095944012 117 125 127 1.2767235841345401 3 536 4 403 1 595
37 -0.98071972762371229 -9.4331804364945064 25.288865748744676 93 99 100 2.1808736736943795 4 408 1 600 2 536 3 545
38 0.4757901451389866 -9.5458154673020434 25.367252024885474 87 93 97 2.1365299414570664 2 537 4 411 1 605
39 2.6136800937883176 -9.4219150544129295 25.047437490888488 105 113 112 2.2798641449325805 2 501 3 553 1 609 4 418
40 3.3633667019340203 -9.5194634665030353 25.411529375449938 90 100 99 0.85172078544065266 3 554 4 419 1 610
41 4.0737806763067006 -9.523054482659445 25.381786843789612 94 99 101 0.69368300514070702 3 555 4 420 1 611
43 9.331185743568545 -10.155923226733103 26.457682084561743 80 88 89 0.6048376659490462 3 561 1 615
44 -0.77659545718783374 -8.8416628905796824 25.65271418557316 73 79 79 2.1892992691587434 2 540 4 426 1 616
45 -0.049085022576294227 -8.7282121368230978 25.437834626961397 85 89 89 2.1327799547852964 3 562 4 428 1 618
46 2.1058184110312457 -8.7728184023604516 25.282895944377611 99 105 108 2.0057722045831605 2 510 3 568 4 434 1 624
47 2.8211658344318211 -8.7565005048459295 25.180087701736067 97 103 106 1.9030034766706792 2 511 3 570 4 435 1 626
48 5.5755068585870697 -8.7168269411249995 24.720567763274886 139 138 141 0.16687048083144621 3 571 4 436
49 -1.2797151582911901 -7.9698701416599418 25.495833086511965 141 146 145 0.88372884117965189 2 542 3 612 4 438 4 462
50 -0.40249954369077184 -8.0496519779390638 25.578697542850112 103 107 109 2.094509259482793 2 543 3 576 4 439 1 633
51 -2.1274678074817932 -7.9881788956595878 25.536149637563678 88 91 92 1.9928876482789586 2 541 3 575 4 437 1 634
52 0.32238987866438057 -8.0496666288795957 25.550461208830239 76 80 80 1.968229203379277 2 544 3 577 4 440 1 635
53 1.0512195253237804 -8.0494671592316696 25.477678334422784 122 127 128 1.8498672692788398 2 516 4 441 1 636 3 578
54 1.0588447276779218 -8.0478675842196186 25.524851590488954 127 132 131 1.9450198583933231 3 579 4 442 1 637
55 2.4941147324367416 -8.0562345097248382 25.376978057992911 81 83 83 1.6384909541381889 2 545 3 582 4 443 1 640
56 5.9416176757691499 -8.0207117024996624 24.739857408341276 139 138 141 0.49118380990776211 3 583 4 362
58 5.9264325602378669 -7.3860922998343304 25.544912910418223 131 138 139 1.3340747449572685 3 593 1 647 4 447
59 7.628138167847176 -7.5743689304467416 26.440655421290678 122 127 127 0.20018874305253831 3 595 1 652
60 4.4990775676980466 -9.1819377418059904 25.828498376711 100 51 50 1.0044248020595783 3 610 4 422 1 666
61 5.1703372961464344 -8.4865034594277056 25.646357032551677 85 44 44 0.93144375985728312 3 626 1 667
62 -2.0781885561901934 -7.188005901563848 25.683486738793924 133 137 138 0.68435065684480889 2 555 3 614 4 463
63 -2.0333967262084416 -7.3253939040839713 25.970310052260945 121 129 129 2.5061698540751625 2 556 4 464 1 670
64 -1.0492954127924887 -7.2136635381649166 25.793960197069566 128 133 132 0.92445276847827385 2 557 3 615 4 465
65 -0.10501128129442938 -7.2646496324965479 25.689520650292103 124 130 130 1.9736857740455731 2 558 3 616 4 466 1 672
66 2.1768491478159615 -7.3179238529042907 25.709641288076849 130 135 137 1.5656781572366363 2 559 3 618 4 467 1 674
67 3.3749460857665916 -8.4800898828000406 24.728319965279098 76 39 35 2.3174000059793851 2 567 3 631 1 676
72 5.1522315044511382 -4.3489345145758787 27.698930455191302 177 182 180 2.6781912793353597 4 491 1 704 3 643
74 -2.4022380390196951 -10.561753540563306 24.885109283313046 69 70 70 1.9878263308712818 4 70 2 89 3 22
75 -2.2325046814298832 -7.742382473808318 25.248340349587217 142 144 144 0.43057328689993735 4 274 2 269
76 -0.996457798220444 -7.8362483243938277 25.499438682277724 142 146 148 0.86754386839757436 3 365 4 276 2 274
77 -2.0497202375002881 -9.7000125259259296 24.935147644860425 80 84 81 2.0104070285342304 3 273 2 315
78 2.7791848735749154 -8.3029351921138232 25.089806583114303 37 27 24 1.6878638336754597 3 462 4 263 2 369
79 -0.29531732186329068 -7.8638940651699736 25.483110172768253 141 144 147 0.94432732073290782 3 463 4 279 2 373
80 0.42214886116425454 -7.8594686831324712 25.451779225763598 141 144 145 1.1403814845984723 4 281 2 375 3 465
81 1.8617139523876278 -7.8743953573161347 25.343501409877131 140 143 142 1.3629563330911993 3 467 4 286 2 379
82 3.7219041134106239 -7.6113457117330485 24.979224134624243 27 19 19 1.5386283403164063 4 291 2 388 3 378
83 6.1179423259464967 -6.749077174127974 26.223160497540249 94 49 49 0.26693595875657972 3 391 4 298
85 -2.6592938919793068 -11.228362146051047 25.014791310796546 7 10 12 1.513139533957341 3 506 4 458 2 528
86 -2.1038092301663389 -9.3644695508700462 25.114874074638685 75 81 82 1.8454941042153656 3 608 4 460 2 533
87 -1.7701960660039953 -9.3802733367347653 25.135751189564093 135 142 143 1.4689347536228718 3 543 4 406 2 534
89 -2.5071355207770822 -6.7798488564954065 26.242630300417421 6 7 8 0.52519416323311763 3 627 4 474 2 574
