# Frame list with one line of data per frame:
#   FRAME_ID, RIG_ID, RIG_FROM_WORLD[QW, QX, QY, QZ, TX, TY, TZ], NUM_DATA_IDS, DATA_IDS[] as (SENSOR_TYPE, SENSOR_ID, DATA_ID)
# Number of frames: 40
1 1 0.95392429980868654 0.28672897208610915 0.066843020580705098 -0.05785272163518184 -1.7740419250666548 2.5282402038182492 -7.0928545573714477 1 CAMERA 1 1
2 1 0.96197914795991712 0.26487878072820442 0.062392434517123604 -0.023292370537968204 -1.597099610271334 1.3869342653353589 -0.3568582974668828 1 CAMERA 1 2
3 1 0.96203241880471124 0.26487903619362702 0.061291119529968012 -0.024002500300072113 -1.386194684328653 1.6006271619417749 -0.38474582282015962 1 CAMERA 1 3
4 1 0.96244250191264524 0.26298175006026964 0.063553061298297728 -0.022495289439805534 -1.568067107689167 1.4576145534629481 -0.39662663878365922 1 CAMERA 1 4
5 1 0.9631768043859037 0.26022969342334612 0.062931868380006792 -0.024708907218885353 -1.5703793802443138 1.383931808786121 -0.47426754533682081 1 CAMERA 1 5
6 1 0.96245019586444958 0.26384080577511559 0.059051669086072872 -0.024301235906215999 -1.0865218724466772 1.7019688780057345 -0.40939525404669719 1 CAMERA 1 6
7 1 0.96263170350719662 0.26184083432813171 0.064553248812298569 -0.024747907971344241 -1.6292438345818736 1.3690806212185322 -0.38117990567032201 1 CAMERA 1 7
8 1 0.96197795561319743 0.26450057726605103 0.064731449591380025 -0.021158850960715365 -1.58410121113151 1.3869433759868979 -0.49381974877077173 1 CAMERA 1 8
9 1 0.96234794204366969 0.2630754421206255 0.064042776796620654 -0.024005685525090328 -1.6155165430106695 1.3785833890708727 -0.2755277804965916 1 CAMERA 1 9
10 1 0.96255604065516509 0.26220361026869232 0.064353236574841544 -0.024367935954003866 -1.613340394178576 1.3878508408607322 -0.34649533294602014 1 CAMERA 1 10
11 2 0.96936769099814368 0.21241628988035877 0.11621402770496808 -0.041229833943152133 0.94321587879663205 1.5940364408151655 0.93550853376119736 1 CAMERA 2 11
12 2 0.96802080730651885 0.21204539937726988 0.12603846606225463 -0.045681180996593684 1.1606970031757069 1.2695914831837922 0.42122578851818554 1 CAMERA 2 12
13 2 0.968090465585972 0.21031898709788854 0.1262213851020586 -0.051331628169890287 1.0461945816457696 1.391807048092361 0.27345582091065185 1 CAMERA 2 13
14 2 0.96780625607477466 0.21145961453791573 0.12666064550628525 -0.050921144939354956 1.0454106385724451 1.5469020262493087 0.26917768033073591 1 CAMERA 2 14
15 2 0.96782967321007396 0.21122548344099873 0.12640558251003142 -0.052068680696724795 1.0163397047410396 1.7183488968937857 0.17430659367623053 1 CAMERA 2 15
16 2 0.96789780549554361 0.21123104686909647 0.12645719322820331 -0.05063458537740062 1.2007279115002218 1.6778299717432406 0.40075247057585744 1 CAMERA 2 16
17 2 0.96874475115255132 0.20976695359635725 0.12331833425133742 -0.04820809818651612 1.5058904635031678 1.3306533290966773 0.093413859863508017 1 CAMERA 2 17
18 2 0.96807217705606785 0.21105241937413211 0.12757368790382387 -0.044923161519070665 1.2175810289140587 1.2025527904266766 0.28043729905124881 1 CAMERA 2 18
19 2 0.96909297787587056 0.20209266271025444 0.13266926870729742 -0.049155071468034654 0.52834241474053567 0.47974616537617726 0.38667658495720147 1 CAMERA 2 19
20 2 0.96777214909204046 0.21108627834054322 0.12797235084827779 -0.049826980206285544 1.0291001690285817 1.4760903596399031 0.28920687519353355 1 CAMERA 2 20
21 3 0.98783948549415057 0.14379022444516434 0.055110413806804752 -0.021456107352079749 -3.0089225697985906 -2.6203653157560312 -3.1408768787020294 1 CAMERA 3 21
22 3 0.98775185543207655 0.14324273928883469 0.056379555460752163 -0.025478136854350911 -2.413417918168594 -2.6246304285448443 -3.1989677175510223 1 CAMERA 3 22
23 3 0.98801983544484462 0.14068126820148824 0.057935010004612236 -0.025867357045677507 -2.4247008035161031 -2.6238646471120073 -3.0920734031863004 1 CAMERA 3 23
24 3 0.98336690681723837 0.17671781987110038 0.035519796068846754 -0.022331206951924514 -0.17648398994176417 0.91343030383253887 -3.7596526914853898 1 CAMERA 3 24
25 3 0.98830874714909356 0.1375396844971761 0.060930113817652884 -0.024822907307045335 -2.6474005526505047 -2.6699753525196011 -2.838419083174812 1 CAMERA 3 25
26 3 0.98826237934786842 0.13832798458969248 0.059678331864236066 -0.025324591821902644 -2.4756309749110526 -2.6331081774934484 -3.0275515440186447 1 CAMERA 3 26
27 3 0.98840719490601525 0.13878364005060426 0.057322661283664686 -0.022459537298995875 -2.1682802018234804 -2.7909007878908167 -3.1822161333898085 1 CAMERA 3 27
28 3 0.98770664898074989 0.14281978847043716 0.058454102112085016 -0.024923914755657615 -2.3623412327530144 -2.6471709799123837 -3.2729482611543039 1 CAMERA 3 28
29 3 0.98780502961219341 0.14062985255370755 0.061558235947506271 -0.025981755726039051 -2.7407938776588989 -2.6976482860332314 -3.0748023425923026 1 CAMERA 3 29
30 3 0.98300259392770339 0.17473148613072478 0.048743574471560643 -0.028264324398264377 -1.5449052637184495 0.7045384298124443 -3.8152494681101863 1 CAMERA 3 30
31 4 0.93998700340562147 0.32270767508425735 0.10090238891180808 -0.045857363444968893 2.6040263025645065 -2.8160055708892822 2.8488437396517985 1 CAMERA 4 31
32 4 0.93522906076905743 0.3353679906890768 0.10421047916075778 -0.044889762165590645 2.8515180930898301 -1.8927194858500132 3.4227978936267371 1 CAMERA 4 32
33 4 0.93949160436720813 0.32358420562939333 0.10290603544006667 -0.045377693426743901 3.0751496954125335 -2.8718540592211368 3.2256396812277766 1 CAMERA 4 33
34 4 0.93899133412153335 0.32546053200564579 0.10238927553057763 -0.043441372073043612 3.1782021594267098 -2.6513830995559093 3.251294813206163 1 CAMERA 4 34
35 4 0.94170921265848917 0.31868600582502982 0.099086643817040368 -0.042483237900287942 3.5288883843333321 -3.1997423044220925 3.2420606408305934 1 CAMERA 4 35
36 4 0.94001250991615237 0.32236430786440134 0.10335170394371064 -0.042144507449637943 3.1748987086126186 -2.8075149861377349 3.2361584688457934 1 CAMERA 4 36
37 4 0.93970270350019702 0.32291009462039522 0.10349560803770799 -0.04445850811232311 3.1122728486952922 -2.8744075024979554 3.1016331151663641 1 CAMERA 4 37
38 4 0.93907167407517711 0.32475813102367135 0.10229252835200706 -0.047040258577203141 3.1724862794600539 -2.8694961113515887 2.9348093454428872 1 CAMERA 4 38
39 4 0.93941208028489098 0.32384043183357675 0.10258670857470972 -0.045916068521421383 3.1246043868580218 -2.8774338501927827 3.1010235920674294 1 CAMERA 4 39
40 4 0.93577094233724611 0.33372717414879272 0.10618278471281993 -0.041038188831317157 2.9072539125269969 -1.8208772494890249 3.3060917859745422 1 CAMERA 4 40
