# 3D point list with one line of data per point:
#   POINT3D_ID, X, Y, Z, R, G, B, ERROR, TRACK[] as (IMAGE_ID, POINT2D_IDX)
# Number of points: 320, mean track length: 13.887499999999999
1 -0.12034089001220546 20.686030471926088 45.292734325544892 98 82 110 1.4031903829328178 8 99 26 2 7 66 20 73 2 122 7 138 8 129 17 44 17 84 11 100 19 28 13 87 17 106 14 86 29 1 28 1 28 40 24 2 23 4 25 2 22 55 1 82 35 0
2 0.86232593919273448 21.492415688924499 45.692302808364303 75 62 90 1.091038497943591 8 24 26 10 16 12 6 32 9 20 21 4 28 6 22 10 27 6 1 51
3 0.55244833342639044 21.472933910208674 44.338353360866471 87 78 99 1.5063966687462735 8 28 26 14 4 83 7 31 17 16 17 54 2 104 16 17 16 88 2 22 4 29 11 19 6 38 18 17 12 17 13 68 15 15 14 18 5 26 5 102 21 8 29 33 29 53 28 45 24 28 23 49 25 9 27 7 30 11 1 87 1 5 40 79
4 0.50554490698774379 21.284202228217907 44.046019285217639 87 78 99 1.1539669474168501 8 29 26 15 4 84 7 32 17 15 11 20 6 37 18 18 12 16 15 16 5 25 2 23 4 30 21 9 25 10 30 10 1 6
5 0.24418184011012686 24.190549612698469 42.730960101272707 81 33 52 0.63396034202211748 8 48 26 21 10 88 2 39 6 56 25 20
6 -2.3273638892222315 21.60050632836327 42.780027430999148 127 113 142 0.51047614898967009 8 72 26 38 4 88 7 87 10 74 3 72 20 83 17 93 16 91 11 55 6 94 19 76 18 83 12 76 13 70 15 82 14 74 5 67 21 31 29 38 28 46 24 34 23 30 25 53 22 43 27 32 30 39 1 58 37 130 34 121 31 93 38 122 32 92 32 130 36 75 36 115 35 107 33 104
7 -2.2421879631786927 22.208973163326817 42.423604195504574 122 108 137 0.47006878398396318 8 78 26 39 4 95 7 95 10 30 3 76 2 78 20 53 17 63 16 94 11 61 19 40 18 64 12 46 9 71 13 73 15 58 14 28 5 71 21 33 29 41 28 32 24 12 23 33 25 37 22 45 27 34 30 17 1 99 37 60 31 71 38 92 32 93 39 93 36 77
8 -3.0172975200224355 22.427654077243368 42.585128524997742 116 99 136 0.50231558875702675 8 42 26 40 7 48 2 35 17 66 16 58 11 62 19 41 18 65 12 48 9 72 13 74 20 110 15 107 21 34 28 10 24 36 23 54 25 38 27 35 30 45
11 0.23419617773671025 21.584727265799341 42.256973997721602 74 26 52 0.77020441166787279 8 108 26 55 10 77 16 55 11 27 18 26 15 57 22 44
12 -0.15228966128793631 21.367241820512653 41.639211795126556 92 43 59 0.67699906260417297 8 111 26 56 4 128 7 127 10 114 3 110 2 110 20 85 17 62 16 92 11 58 6 129 19 17 18 86 12 23 9 67 13 50 15 84 14 76 5 110 21 50 29 40 28 48 24 54 23 51 25 34 22 59 27 52 30 41
13 -2.2461610161263579 22.141745366494934 43.067420110200523 14 4 17 0.44577006670233726 8 109 26 58 4 126 7 126 3 109 2 108 20 104 17 123 16 116 11 112 6 127 19 107 12 103 9 106 13 103 15 101 14 96 5 109 21 52 29 56 29 79 28 50 24 56 24 82 23 52 25 54 25 80 22 61 27 55 30 58 1 116 37 131 34 124 31 95 40 127 38 125 32 132 39 126 36 118 35 109 33 105
14 -2.2456497583983679 22.140363471289646 43.063203730301893 14 4 17 0.44519684182772579 8 110 26 59 4 127 7 125 10 116 3 108 2 109 20 105 17 124 16 117 11 113 6 128 19 108 12 104 9 105 13 104 15 102 14 97 5 108 21 53 29 57 29 80 28 51 24 57 24 83 23 53 25 55 25 81 22 62 27 54 30 59 1 117 37 132 34 125 31 96 40 128 38 126 32 133 39 127 36 119 35 110 33 106
15 0.52441441769674402 23.967061009978114 42.437879057424972 110 54 73 0.34164118459749182 8 119 26 60 4 135 7 103 10 87 3 81 2 115 17 134 20 112 16 125 11 122 6 100 19 119 18 115 12 112 9 78 13 109 15 110 14 105 21 83 29 87 28 84 24 61 28 54 25 57 22 92 27 58 1 103 34 127 37 149 31 97 40 152 38 148 32 151 39 129 36 121 35 111 33 127
16 2.3136786275430605 26.93900755765414 44.35892423805582 67 26 44 0.74033169311550018 8 88 26 62 4 55 7 58 10 95 3 37 2 41 20 69 17 104 6 103 19 55 18 70 9 82 15 63 5 81 21 61 29 60 28 60 23 62 27 64 37 13
17 2.7527733301781745 26.586499009378144 43.523743786645525 76 27 51 1.0695253240534854 8 120 26 63 7 133 10 123 3 87 20 114 17 105 17 137 16 101 11 126 6 57 19 122 18 93 12 67 13 112 15 87 14 107 5 150 21 88 28 90 24 97 23 64 23 97 22 116 25 93 27 65 30 96 1 107 31 101
19 0.098916567022668586 20.941798142474411 44.942006970625989 30 19 24 0.38203217584758509 8 134 26 69 4 147 7 143 10 131 3 122 2 123 17 141 16 109 11 134 6 149 19 128 18 120 9 114 13 116 15 114 14 114 5 129 21 65 29 67 28 64 24 67 23 66 25 65 22 73 27 72 30 71 1 128 37 119 34 110 31 83 40 114 38 112 32 115 39 114 36 101 35 96 33 93
20 0.10728353397153213 20.901073309769668 44.854678051620581 30 19 24 0.3471408624984062 8 135 26 70 7 144 10 132 3 123 2 124 16 108 6 150 9 115 5 130 21 66 29 66 28 63 24 68 23 67 25 66 22 74 27 73 30 72 40 115 32 116 39 115 36 102 35 97 33 94
21 -1.6419291488139336 21.366201851428279 44.944319912349528 128 106 151 0.93940488683153966 8 136 26 71 4 152 10 136 21 68 29 69 24 71 25 67 27 76 40 149 23 100 36 107 35 119
22 0.16217020198407403 21.15080559928899 44.325938442071028 103 87 128 0.34890229936912664 8 137 26 72 4 155 7 150 10 138 3 127 2 131 20 124 17 145 16 133 11 138 6 153 19 102 18 123 12 96 9 121 13 96 15 118 14 120 5 133 21 71 29 70 28 67 24 72 23 69 25 70 22 77 27 77 30 74 1 130 37 124 34 115 31 87 40 119 38 115 32 123 39 119 36 105 35 101 33 97
23 0.16217020198407403 21.15080559928899 44.325938442071028 103 87 128 0.34890229936912664 8 138 26 73 4 156 7 151 10 137 3 126 2 132 20 123 17 144 16 132 11 137 6 154 19 101 18 122 12 97 9 122 13 95 15 117 14 119 5 132 21 72 29 71 28 68 24 73 23 70 25 71 22 78 27 78 30 75 1 129 37 123 34 114 31 88 40 118 38 116 32 122 39 118 36 104 35 100 33 98
24 0.73164928830476939 21.199500185224661 44.430987019187526 27 6 20 0.40737139052177573 8 139 26 74 4 153 7 149 10 139 3 125 2 130 20 99 17 116 16 134 11 139 6 151 19 133 18 124 12 94 9 123 13 122 15 115 14 117 5 134 21 73 29 72 28 70 24 74 23 71 25 72 22 79 27 79 30 77 1 131 37 122 34 113 31 86 40 120 38 114 32 121 39 117 36 106 35 102 33 96
25 -0.38503556436771541 21.127291407399081 44.185017274690573 18 13 37 0.30839638666337638 8 157 26 75 4 157 7 152 10 140 3 128 2 133 20 122 17 146 16 135 11 140 6 155 19 134 18 126 12 123 9 140 13 123 15 116 14 121 5 135 21 69 21 70 29 73 28 69 24 75 23 72 25 68 25 69 22 80 27 81 30 76 1 132 37 125 34 116 31 89 40 121 38 117 32 124 39 120 36 108 35 103 33 99
26 -0.23652715805209007 21.241017772159093 43.442761436503929 110 99 129 0.5097581244326217 8 140 26 77 4 160 7 155 10 144 3 130 2 137 20 100 17 117 16 110 11 107 6 158 19 103 18 105 12 99 9 125 13 97 15 97 14 90 5 137 21 76 29 74 28 72 24 76 23 76 25 74 22 83 30 80 1 135 34 87 40 123 38 119 32 90 39 90 36 111 35 75 33 67
27 0.26100201511448323 21.357993920940306 43.682560225753406 23 18 22 0.29763484528073159 8 141 26 78 4 158 7 153 10 141 3 131 2 134 20 125 17 147 16 136 11 141 6 156 19 135 18 127 12 124 9 126 13 124 15 119 14 122 5 138 21 77 29 75 28 73 24 77 23 74 25 75 22 81 27 82 30 81 1 134 37 128 34 119 31 92 40 124 38 120 32 128 39 122 36 112 35 105 33 102
28 0.2613348051923497 21.357231700523428 43.682947702514127 23 18 22 0.29878295997442655 8 142 26 79 4 159 7 154 10 142 3 132 2 135 20 126 17 148 16 137 6 157 19 136 18 128 9 127 13 125 15 120 14 123 5 139 21 78 29 76 28 74 24 78 23 75 25 76 22 82 27 83 30 82 1 133 37 129 34 120 40 125 32 129 39 123 36 113 35 106 33 103
29 -2.7543127203549922 21.862676829077383 43.255690028220272 10 5 26 0.26013444183967721 8 143 26 80 4 161 7 156 10 145 3 133 2 138 20 103 17 121 16 113 11 111 6 159 19 106 12 102 9 128 13 101 15 100 14 94 5 141 21 79 29 77 28 75 24 80 23 78 22 84 27 85 30 83 1 138
30 1.2292493745313078 21.32078173332901 41.583440480682086 61 15 24 0.74619289356982732 8 145 26 82 4 182 10 146 11 57 3 27 7 42 18 108 9 129 13 71 14 95 5 142 21 49 29 54 28 47 28 77 24 81 25 79 22 58 22 85 27 86 30 40 34 122 40 126 38 123 39 125 36 116
31 -3.1532420225489033 22.085656361544249 42.677224014466681 18 6 24 0.38993140354608319 8 147 26 83 4 165 7 160 10 148 3 136 2 141 20 106 17 126 16 119 11 114 6 162 19 110 18 109 12 106 9 130 13 106 15 103 14 99 5 143 21 80 29 81 28 78 24 84 23 79 25 82 22 86 27 87 30 85 1 142
32 -3.1440753639648578 22.044151240929732 42.581484849670325 18 6 24 0.28762865748286504 8 148 26 84 4 166 7 161 10 149 3 137 2 142 20 107 17 127 16 120 11 115 6 163 19 111 18 110 12 107 9 131 15 104 14 100 5 144 21 81 29 82 28 79 23 80 25 83 22 87
33 -2.6111994268895313 22.210431069824857 42.248112142478476 18 8 16 0.45732106230191188 8 149 26 85 4 167 7 162 10 150 3 139 2 143 20 108 17 128 16 121 11 116 6 164 19 112 18 112 12 108 9 133 13 107 15 105 14 102 5 145 29 83 28 80 24 85 23 81 25 84 22 88 27 88 30 86 1 143
34 -2.6111994268895313 22.210431069824857 42.248112142478476 18 8 16 0.45732106230191188 8 150 26 86 4 168 7 163 10 151 3 140 2 144 20 109 17 129 16 122 11 117 6 165 19 113 18 111 12 109 9 132 13 108 15 106 14 103 5 146 29 84 28 81 24 86 23 82 25 85 22 89 27 89 30 87 1 144
35 -0.39000166749907472 22.415898984621631 42.356773742988743 116 91 130 1.0232849107935842 8 117 26 87 4 132 7 130 10 120 3 113 2 113 20 111 3 141 7 164 17 130 11 118 6 132 6 166 19 115 18 113 12 110 9 109 13 128 15 108 14 104 21 82 29 85 28 82 24 87 23 83 25 86 27 90 30 88 31 122 34 149 37 160 40 161 32 163 36 150
36 1.3387899808440149 24.251667435896703 41.798677462186163 92 40 50 0.41586423928644756 8 151 26 89 4 174 7 167 10 154 3 144 2 145 20 130 17 151 16 127 11 123 6 169 19 121 18 132 12 131 9 135 13 129 15 124 14 127 5 148 21 84 29 92 28 88 24 94 23 93 25 91 22 99 27 94 30 92 1 145 37 136 34 132 31 111 40 134 38 128 32 152 39 149 36 142 35 116 33 111
37 1.3338132433687648 24.452379314392061 42.123630958379039 92 40 50 0.27527115888894038 8 152 26 90 10 155 2 146 6 170 9 136 21 85 29 93 28 89 24 95 23 94 25 92 22 100 27 95 30 91
39 -3.2898044126455672 21.921314093786858 43.438234361421394 113 98 147 0.37761430208000174 8 160 26 100 4 181 7 178 10 161 3 150 2 153 20 128 17 149 16 140 11 145 6 178 19 138 18 130 12 128 9 143 13 127 15 122 14 124 5 160 21 93 23 103 25 99 22 108 27 107 30 100 1 140 37 147 34 138 31 108 40 150 38 146 32 148 39 148 36 138 35 120 33 124
40 0.73591478475279171 23.207480087850211 42.342872767765833 78 59 84 0.52250219383342911 8 163 26 101 4 184 7 181 10 164 3 152 2 155 20 129 17 150 16 141 11 160 6 180 19 140 18 131 12 129 9 146 13 135 15 123 14 134 5 161 21 95 29 102 28 96 24 105 23 104 25 100 22 110 27 108 30 101 37 164 34 155 31 127 40 167 38 165 32 169 39 162 36 156 35 137 33 139
42 -0.53343920508580578 20.984703078993189 45.436053775810464 117 95 140 0.60068639625717024 8 168 26 105 4 190 7 185 10 180 3 157 2 161 20 140 16 158 19 152 18 145 9 152 15 136 5 167 21 102 29 109 28 107 24 108 23 112 25 106 22 119 27 112 30 112 1 155 37 159 34 148 31 119 40 160 38 160 39 157 36 149 36 167 35 132 33 135
43 -0.54607118000544708 21.026036224599583 45.526624170137467 117 95 140 0.73088397101146041 8 167 26 106 4 189 7 184 10 179 3 156 2 160 20 139 17 164 16 157 11 166 6 187 19 151 18 144 12 142 9 151 13 142 15 135 14 139 5 166 21 101 29 108 28 106 24 107 23 111 25 105 22 118 27 111 30 111 1 154 37 158 34 147 31 118 40 159 38 159 39 156 36 148 36 166 35 131 33 134
44 -2.1577257873009223 22.530155635747874 42.502720380177315 121 101 147 0.38939709868422995 8 172 26 110 4 196 7 190 10 173 3 160 2 163 20 134 17 156 16 149 11 155 6 191 19 145 18 137 12 135 9 154 13 133 15 128 14 132 5 170 21 106 29 113 28 108 24 111 23 116 25 109 22 123 27 116 30 116 1 152 37 163 34 152 31 124 40 164 38 162 32 166 39 158 36 153 35 134 33 138
45 -3.0360598801175702 22.722556204329059 42.502341902275454 127 109 159 0.44617605414953787 8 173 26 112 4 197 7 191 2 164 20 135 17 157 16 150 11 156 6 192 19 146 18 138 12 136 13 134 15 129 14 133 21 108 29 115 28 110 22 125 27 118 34 153 31 125 40 165 38 163 32 167 39 160 36 154 35 136
46 1.0094599785826774 23.918323089022838 42.022151061124163 39 2 10 0.45740550151481507 8 176 26 116 4 200 7 194 10 178 3 162 2 166 6 196 19 150 11 162 16 155 17 162 20 137 18 142 12 139 9 158 13 139 15 133 14 137 5 173 29 119 28 112 24 115 23 121 25 115 22 127 27 124 30 119 1 164 37 167 38 168 39 166 36 160
47 -3.8632465326289993 21.48139006653965 43.993183279451472 15 6 15 0.26595756741912063 8 178 26 119 4 201 7 195 10 182 3 164 2 170 20 150 17 172 16 167 11 175 6 197 19 160 18 151 12 143 9 159 13 147 15 146 14 140 5 174 21 114 29 122 28 114 24 119 23 123 25 117 22 129 27 126 30 121 1 167 37 184 34 170 31 142 40 187 38 183 32 177 39 171 36 175 35 151 33 153
48 -0.67140001666530591 21.359558952396007 42.442758935568243 13 7 11 0.42894021869893456 8 179 26 121 4 202 7 196 10 183 3 165 2 171 20 141 17 165 16 159 11 167 6 198 19 153 18 146 12 144 9 161 13 143 15 138 14 141 5 175 21 116 29 124 28 116 24 121 23 125 25 119 22 131 27 128 30 123 1 168 37 186 34 172 31 144 40 189 38 185 32 179 39 181 36 177 35 153 33 155
49 -2.7309647484083666 22.120404782132905 42.875877804271667 16 6 16 0.37434413431982516 8 180 26 122 4 204 7 197 10 184 3 166 2 172 20 152 17 175 16 170 11 178 6 199 19 162 18 153 12 152 9 162 13 149 15 149 14 149 5 176 21 117 29 125 28 117 24 122 23 126 25 120 22 132 27 129 30 124 1 169 37 187 34 173 31 145 40 190 38 186 32 180 39 182 36 178 35 154 33 156
50 -2.7370877210378075 22.132599470109731 42.903695825511221 16 6 16 0.35572309084105885 8 181 26 123 4 205 7 198 10 185 3 167 2 173 17 176 6 200 9 163 5 177 21 118 29 126 28 118 24 123 23 127 25 121 22 133 27 130 30 125 37 188 34 174 31 146 32 181 39 183 33 157
51 1.6344699275446406 23.52382678186153 42.030617117522539 57 55 79 0.37940029185380286 8 182 26 126 4 206 7 199 10 186 3 168 2 174 20 143 17 166 16 161 11 168 6 201 19 155 18 148 12 146 9 164 13 145 15 139 14 142 5 178 21 121 29 129 28 121 24 126 23 131 25 123 22 136 27 135 30 129 37 189 34 178 31 147 40 192 38 187 32 182 39 184 36 180 35 156 33 158
52 -1.0042617052934382 21.186121293230276 45.332789565247715 126 105 146 0.70458675987817332 8 186 26 128 4 213 7 205 3 171 2 179 20 147 17 170 16 164 6 206 19 158 12 149 15 143 5 183 21 126 29 130 28 124 24 127 23 132 25 125 22 137 27 136 30 130 1 174 37 183 34 184 31 155 40 186 38 196 39 194 36 187 35 162 33 152
53 -1.0018304447915445 21.196042129937627 45.362090300070449 126 105 146 0.75435252397906638 8 185 26 129 4 212 7 204 3 170 2 178 20 146 17 169 16 163 11 172 6 205 19 157 12 148 15 142 5 182 21 125 29 131 28 125 24 128 23 133 25 126 22 138 27 137 30 131 1 173 37 182 34 183 31 154 40 185 38 195 39 193 36 186 35 161 33 151
54 -3.0428383346791579 21.767550155692803 45.825192709197346 128 107 148 0.84687999059453878 8 188 26 130 4 215 7 207 10 191 2 181 20 149 16 166 6 208 9 170 15 145 21 132 29 133 28 129 24 130 23 139 25 128 22 140 27 139 27 144 1 176 31 141
55 -2.9748746328890778 21.532376908293795 45.325123876045296 128 107 148 1.1353305328352303 8 187 26 131 4 214 7 206 10 190 2 180 20 148 17 171 16 165 11 174 6 207 19 159 9 169 15 144 14 146 21 131 29 132 28 128 24 129 23 138 25 127 22 139 27 138 27 143 1 175 34 185 31 140 38 197 32 191 39 195 35 163 33 164
56 3.0824977474835347 21.357881241052485 39.548079222039711 101 32 50 0.79958989194975771 8 194 26 132 4 219 7 210 10 194 3 174 2 187 20 153 17 177 16 171 11 179 6 212 19 163 18 154 12 153 9 172 13 150 15 150 14 150 5 186 21 127 29 134 28 126 23 134 25 129 22 141 27 140 30 132 37 197 34 188 31 158 40 203 38 201 32 195 39 199 36 190 35 166 33 168
57 2.6766908857499376 23.922027049491074 42.449388373413967 22 3 9 1.2563285150543164 8 183 26 134 4 207 7 200 10 187 2 175 20 154 17 178 16 172 11 180 6 202 19 164 18 155 12 154 9 165 13 151 15 151 14 151 5 179 21 128 29 136 28 123 24 133 23 136 25 130 22 142 27 141 30 134 37 199 34 190 31 160 40 205 38 203 32 197 39 201 36 192 35 168 33 170
58 -4.5058334195930776 25.597310624001285 43.065129908356305 45 33 56 0.73733790146205447 8 184 26 135 4 208 7 201 10 188 3 169 2 188 20 144 17 167 16 162 11 170 6 203 19 156 18 149 12 155 9 166 13 146 15 140 14 143 5 180 21 130 29 137 28 127 24 134 23 137 25 131 22 143 27 142 30 135 1 171 37 191 34 179 31 148 40 193 38 189 32 185 39 187 36 182 35 157 33 160
59 -1.4980339544450152 22.183813087849003 42.7245476737004 118 93 141 0.44112593443642861 8 193 26 137 4 218 7 209 10 193 2 186 20 157 17 181 16 176 11 184 6 211 19 167 18 160 12 158 13 156 15 153 14 156 21 133 29 139 28 130 24 135 23 140 25 132 22 144 27 145 30 136 1 177 37 195 34 186 31 156 40 200 38 198 32 192 39 196 36 188 35 164 33 165
60 1.192684828753348 22.320911934864785 42.313388075470044 60 14 24 0.68995329789149018 8 200 26 138 4 224 7 215 10 196 3 179 2 191 20 158 17 182 16 177 11 185 6 215 19 168 18 161 12 159 9 176 13 157 15 154 14 157 5 190 21 134 29 140 28 131 24 136 23 141 25 133 22 145 27 146 30 137 37 196 34 187 31 157 40 202 38 200 32 194 39 198 36 189 35 165 33 167
61 3.5785937938207431 24.985724002454887 42.254310111331449 134 50 74 0.66818872033699117 8 201 26 140 4 225 7 216 10 197 3 180 2 192 20 161 17 183 20 159 16 179 11 186 6 216 19 170 18 164 12 160 9 177 13 158 15 156 14 159 5 191 21 136 29 143 28 133 24 138 23 143 25 134 22 147 27 147 30 138 37 201 1 182 34 193 31 161 40 207 38 204 32 198 39 203 36 193 35 169 33 171
62 1.7862098494329457 25.776375539415572 43.432068985038327 28 3 7 1.3522830245773327 8 196 26 141 4 221 3 176 2 189 20 156 17 179 16 174 11 181 19 169 18 157 12 156 9 173 13 152 15 155 14 153 5 188 21 137 29 144 28 134 24 139 23 144 25 135 22 148 27 148 30 139 1 184 37 204 34 199 31 166 40 210 38 208 32 204 35 172 33 174
63 5.491822207668883 24.118685804011822 39.42092164249879 35 2 9 1.1475618892879751 8 197 26 142 4 210 7 202 3 177 2 177 20 145 17 180 16 175 11 171 19 165 18 150 12 147 9 167 13 153 14 144 5 181 21 138 29 145 28 135 23 145 24 140 25 136 22 149 27 149 30 140 1 172
64 -1.877389196490445 21.258612128431754 43.770302496626435 124 102 146 0.96931790843676213 8 206 26 144 4 230 7 219 10 201 3 185 2 196 20 163 17 186 16 183 11 189 6 223 19 172 18 166 12 164 9 179 13 163 15 161 14 162 5 195 21 140 29 146 28 136 24 141 23 146 25 137 22 152 27 152 30 142 1 187 37 207 34 203 31 170 40 213 38 211 32 207 39 210 36 200 35 176 33 178
65 -1.877389196490445 21.258612128431754 43.770302496626435 124 102 146 0.96931790843676213 8 207 26 145 4 231 7 218 10 202 3 186 2 195 20 164 17 185 16 184 11 188 6 224 19 173 18 167 12 163 9 180 13 162 15 162 14 163 5 196 21 141 29 147 28 137 24 142 23 147 25 138 22 153 27 153 30 143 1 186 37 208 34 204 31 171 40 214 38 212 32 208 39 209 36 201 35 177 33 179
66 8.6818502418318673 20.532792412101742 36.699538282236944 110 37 49 1.0891366436564438 8 203 26 148 4 228 7 220 10 200 3 183 2 197 6 219 5 194 21 144 23 150
75 0.2814273987089092 20.776950410709365 45.334336203757189 120 96 124 0.67915707844013617 26 5 4 66 7 67 3 51 17 46 9 50 28 3 23 6 1 83 31 47 38 44 36 70
91 -2.2234919927422192 21.462974481835428 45.031270752773771 156 124 162 1.263465747778634 26 52 4 154 25 49 22 57 27 80 30 56 37 126 34 117 31 90 40 122 38 87 32 125 36 109 35 72 33 100
99 2.2013503285920275 22.231026757613332 40.887680527366946 28 13 22 1.1709732312462575 26 124 4 198 7 192 10 175 3 161 6 193 9 156 21 119 29 127 28 119 23 128 25 122 22 134 27 131 30 126 24 124
158 -3.9092820963384027 25.624002673748741 43.770530587189569 149 111 142 1.8000614286087995 4 54 26 91 7 106 10 122 3 114 2 116 20 90 17 80 16 73 11 35 19 86 18 92 12 80 13 31 15 86 1 106 36 86
159 2.1859542554279652 26.799458117047219 43.779025300508337 131 83 108 1.591411971373482 26 45 7 107 20 33 17 35 11 72 6 106 13 59 15 38
160 3.4370981685947646 25.648496807282093 41.42676207581453 109 40 67 1.4488451553850856 26 27 7 108 15 112 24 99 31 114
166 1.6119259265970576 27.631921846825996 45.23687568170191 128 85 112 1.5798654449658569 26 93 7 183 3 146 4 136 2 87 20 70 20 93 19 56 12 115 5 149 21 124 28 105 23 96 27 100 34 141 31 130 40 155 38 169 32 156 39 167 35 143 33 116
194 6.9686910561618305 25.996921342162086 41.853497342035411 104 66 85 0.99673234574487368 10 38 26 94 3 38 2 89
195 -1.6869392683489093 21.02019011732148 45.662989295019379 153 125 156 0.99298641888810513 26 7 3 57 2 52 20 39 17 47 11 42 18 47 9 5 13 65 15 45 14 0 29 3 24 51 21 45 25 5 25 26 22 6 22 72 27 47 34 84 38 84 35 95
198 0.13336870922496166 24.060261731124815 43.65105594493884 60 7 21 0.76862880124831745 4 199 7 193 8 175 10 177 26 114 3 153 2 165 20 136 17 159 16 151 11 159 6 195 19 147 18 140 12 137 9 157 13 136 15 131 14 135 5 172 21 109 29 116 28 99 24 113 23 118 25 112 22 112 27 120 30 102 1 163 37 165 34 175 31 136 40 168 39 164 36 170 35 138
199 0.76884024373831017 21.179702892067091 42.40044097844514 122 92 133 1.2572421902641528 4 216 8 191 26 120 3 172 2 184 20 151 7 188 4 194 8 170 10 171 17 173 16 168 11 176 6 209 19 161 18 152 12 151 9 160 13 148 15 147 14 147 5 184 21 115 29 101 29 123 28 115 24 120 23 124 25 118 22 130 27 127 30 122 37 185 34 171 31 143 40 188 38 184 32 178 39 180 36 176 35 152 33 154
233 -1.9840460139466825 21.140791243291897 45.055921846651799 14 3 20 0.38094039170514737 8 104 26 50 4 118 7 122 10 110 2 127 4 151 7 148 10 135 20 77 17 90 16 85 11 104 6 120 19 66 18 98 9 96 15 77 15 96 5 131 21 47 29 52 28 44 24 52 23 48 25 48 22 56 27 49 30 33 1 85 37 121 34 112 31 85 19 99 40 117 38 113 32 118 39 116 36 103 35 99 33 95
247 -2.5055095776571026 21.324726738809403 46.052365551628455 154 126 151 1.2293480598625002 4 21 8 13 10 12 20 0 17 3 16 3 11 4 19 29 9 11 13 3 15 47 14 46 29 26 21 46 28 41 24 25 23 20 25 28 22 34 27 48 34 111 21 64 40 1 40 116 33 123
249 -0.21529235083485951 21.032862755587008 44.717672711988101 126 100 128 0.47768103159707287 7 28 10 64 20 9 7 81 6 36 25 7 4 26
250 1.5333558967609835 23.433824018362134 47.953752162531252 74 41 58 1.5648092876457274 4 31 20 15 7 83 8 30 18 58 19 71 20 79 9 25 4 32 13 44 15 13 5 103
251 -2.5629326208969898 21.706019197737486 45.23044100267547 154 117 151 0.86833411309177322 10 18 20 16 4 28 18 53 5 27 21 7
252 -1.2047450417237295 21.691178885227476 43.511093386095361 148 113 137 0.94769503080180406 26 17 20 19 17 58 16 52 18 22 12 20 13 16 14 52 23 28 1 15 30 38 37 96 32 0 35 78
253 3.921958999748631 23.779473806170277 46.746131233145832 70 12 19 1.6726499101323007 2 27 20 21 7 39 9 31 14 25
254 3.2357559285303519 23.420780850601428 46.137165529305207 106 33 47 0.66993048994959148 2 76 3 23 4 38 7 85 10 23 20 22 17 20 11 54 6 92 12 21 9 32 13 46 14 24
255 4.8254256950475582 22.786442227448269 44.182057617960446 100 56 67 1.5427771851858194 8 74 20 23 3 134 10 113 4 163 16 56 18 62 9 102 19 139
257 0.45910698267686706 23.137386220014264 43.173285612423946 63 16 34 1.0183141612434379 7 52 20 26 5 37 2 80 14 81
258 2.5431990534249458 21.599884790489313 39.835716448734829 89 34 47 0.63920939247729525 4 51 20 28 7 99 8 81 17 132 16 63 22 18
259 -5.8474124115518897 25.44172625945432 43.814071287156004 129 81 107 1.4003282144930025 26 24 20 31 16 70 13 29 14 40 16 32 5 40 29 14 21 15 28 37 24 17 23 39 25 22 37 152 40 92 38 8 38 9 32 100 35 3 33 73
260 3.8508927418306467 26.048764771999 41.448944520244574 109 57 70 1.542568546334387 3 90 8 123 20 35 17 39 9 48 13 62 15 64 3 43 29 19 28 18 30 30
262 -0.45272993435076059 21.137473894021557 43.360740651677226 134 113 145 0.21486411009882084 26 16 20 46 21 10 22 12
263 -2.1310219624229458 23.199621040965756 42.164707671962773 117 80 100 0.21940842208250169 7 102 20 59
264 -3.348943873350601 25.82485775820378 46.170333927953251 127 85 104 1.9692814741020321 3 79 20 62 16 67 11 69 19 48 20 30 16 66 18 34 14 37 35 50 36 123
265 -0.14073485473429365 26.130225337038432 46.301319661539381 116 67 87 1.0506684008022906 3 80 20 63 2 84 4 99 7 131 8 82 10 86 17 29 6 134 19 84 12 79 9 77 15 61 14 58 5 115 25 90 27 109 1 102 36 171 26 127 35 141 35 145
266 1.6918907329831654 24.404726848302833 42.291790956519407 63 11 24 0.32608241533417892 3 85 7 105 8 85 10 91 20 65 17 79 19 50 18 37 12 61 9 79 13 27 14 60 5 80 29 48 28 56 24 39 23 37 25 43 22 65 27 60 30 50 1 104
267 1.6925600428463321 24.414353297776042 42.321727590573325 63 11 24 0.30713716061411683 2 86 3 84 4 102 7 104 8 84 10 92 20 66 6 135 12 60 9 80 13 28 14 61 5 79 21 57 28 57 25 44 22 66
268 1.9836589542154768 22.844102088150937 46.410632529867435 111 66 75 1.0967140127569439 10 143 20 80 2 136 3 129 4 120 7 33 17 56 16 89 11 89 6 121 19 73 12 42 13 69 14 51 5 136
269 0.17364337420268608 21.691898984154335 43.552448848285479 122 98 122 0.74448583474946084 3 71 4 121 20 81 7 84 17 57 18 20 9 100 28 29 24 33 23 27 1 112
270 2.6759677977994731 23.463099525660184 45.693809473284261 86 15 22 1.2708204590378287 3 26 20 84 17 60 16 54 11 56 2 30 3 74 6 48 18 84 12 45 9 36 15 56 1 14
271 6.7629084938542077 25.574061043858933 47.710911507493172 49 5 10 1.1427154024429482 10 83 20 86 4 97 9 42
272 0.39369127556979605 23.632242688496383 43.549758988411057 83 52 70 1.165781564974103 3 78 4 98 7 97 8 80 20 87 2 81 11 121 6 98 9 74
275 2.0821566698066198 23.727213591126741 47.269975401940336 49 14 22 0.45229741249995176 3 149 4 180 7 177 8 158 10 160 20 101 2 152 17 118 16 138 11 142 6 176 19 104 18 129 12 127 9 141 13 98 15 98 14 91 5 158
277 6.1190272201629181 24.061959444892349 38.739964012297072 96 52 67 1.5242728467303208 7 109 20 116 10 37 2 117 19 57 9 85 12 68 13 61 22 29
278 1.6153785084494241 24.062780394994267 50.754509998906784 109 69 87 1.1175015148858594 4 193 7 186 10 168 20 120 2 129 17 143 16 145 11 151 6 188 19 130 18 99 12 90 9 120 13 119 15 127 14 115
279 1.5719921413967608 23.748081108302845 50.124439744340698 109 69 87 1.1760191772768516 2 128 7 187 10 169 20 121 4 192 17 142 4 150 6 148 6 189 19 131 18 100 12 91 9 119 13 118 14 116
280 -2.8261519763592586 21.610771490247405 43.829592164661221 140 112 150 0.40905087297838805 26 107 20 133 17 155 16 147 11 153 19 143 18 136 12 125 14 131 21 103 29 110 28 94 24 103 23 113 25 107 22 120 27 113 30 113 35 133 33 136
281 1.0188844732120721 23.882573234499649 41.990985102273612 45 1 10 0.54915988360872803 26 117 20 138 17 161 16 154 11 161 19 149 18 141 12 138 13 138 15 132 14 136 21 112 29 118 28 111 24 116 23 120 25 114 22 126 27 123 30 118 1 165 37 166 34 156 31 128 40 170 38 167 32 171 39 165 36 159 35 140 33 140
282 3.6238166168308941 22.017916426358614 42.848274499637306 57 9 12 0.48909884303747925 2 185 3 173 4 217 7 208 8 192 10 192 20 142 17 174 16 169 11 177 6 210 19 154 18 147 12 145 9 171 13 144 15 148 14 148 5 185
283 3.6333821888640836 25.524756152400649 43.092994995740071 145 49 68 0.6500458965631013 2 193 3 181 4 226 7 217 8 202 10 198 20 162 17 184 20 160 16 180 11 187 6 217 19 171 18 165 12 161 9 178 13 159 15 157 14 160 5 192 1 183
284 -4.692517480951647 23.724281382648293 44.579931331581768 181 150 182 0.40602592943640614 2 200 3 187 4 232 7 223 8 208 10 203 20 165 17 187 16 185 11 190 6 225 19 174 18 168 12 165 9 181 13 164 15 163 14 164 5 197
285 5.7685249530435163 24.196204158363312 49.076632573143783 105 54 70 1.4915076620542556 7 225 10 204 20 166 11 191 6 226 19 176
288 1.7809996702503612 25.100354773359832 45.11965401607992 70 46 70 0.89589310018287494 2 205 3 191 4 236 7 227 8 209 10 205 20 170 17 192 16 190 11 195 6 228 19 181 18 172 12 166 9 185 13 167 15 168 14 169 5 202 37 212 34 208 31 175 40 218 38 214 38 215 32 213 39 214 36 206 35 181 33 184
289 -4.2879797966607933 19.125501114852206 44.231498392641271 86 54 69 1.6832332499833613 7 226 19 177 11 192 17 188 16 187 9 184 14 165
290 -3.8082276171440039 21.772150611579789 46.899670828069169 157 128 151 0.97421907669568064 2 60 8 17 17 9 7 25 16 11 11 12 19 3 12 4 13 36 15 11 21 3 29 5 23 9 27 5
291 -1.0145173028868715 9.0096034949818673 19.91615277568469 18 1 10 0.9488386608461844 8 32 17 17 10 20 16 20 7 35 2 25 9 27 4 36 30 37
292 2.7764989900073678 23.597965442475189 47.145890698778373 85 24 34 2.072709989270582 2 74 3 19 17 19 10 72 16 51 6 90 19 15 19 37 9 28 10 21 6 43
294 0.28836383845431857 24.5500004021827 44.762091210863574 40 4 18 0.46894104842980028 2 38 17 25 18 31
295 -2.2922890767115067 28.954800095345973 52.06562430223412 116 75 94 1.487304989316045 4 53 17 27 16 65 11 32 7 101 10 85 19 47 13 54 15 59
297 -0.79375432037380167 20.973254817569067 46.454535593166476 42 15 31 1.2762098887520263 10 1 17 43 2 0 18 1 12 1 13 0 21 0 29 0 28 20 25 25 22 1 1 0 37 86 34 83 31 67 38 83 39 86
298 -5.2957354256895268 22.970123880383266 45.459677132059859 187 150 178 1.255547501001417 7 86 17 59 19 77 16 90
299 -3.5528188219952206 25.166819518599826 44.212468449639459 126 86 108 1.8086034040856767 3 82 4 100 17 75 6 101 11 34 18 35 13 84 15 30 14 59 5 75 26 102 29 107 24 93 23 107 25 104 27 110 30 107 37 135 40 132 31 110 39 151 33 114
301 6.8346322294682231 22.303354421294269 41.80064758882834 61 10 15 1.7770916475531811 3 142 7 165 8 79 17 96 10 84 19 116 14 79
303 -4.4175065662877664 26.706534402591938 44.074370512070686 131 87 108 1.8876673492596934 3 116 17 103 11 38 6 105 6 136 19 89 12 65 12 66 28 59 30 66 1 73 34 135 39 63
306 1.1190352418682823 22.308293312844846 41.546826066668729 50 9 23 1.0768239523550531 7 180 8 162 10 174 17 158 11 157 6 179 9 155 15 130
307 -0.56810597225186654 25.251578431446752 45.79009868297107 124 67 86 1.1844140248631689 2 114 3 143 7 166 8 118 10 121 17 160 4 133 4 171 16 152 6 133 6 168 19 148 12 130 9 110 9 134 13 137 5 114
308 3.012911357056077 26.475551751283987 41.232428632118555 109 58 75 1.3666137664035978 2 204 8 210 17 190 7 228 11 194 6 227 19 179 12 168 9 186 14 167 5 203
310 1.1193249558667278 22.33796802494199 46.03999539886852 89 64 91 0.453834605427546 3 67 4 119 8 106 16 48 18 55 9 99 15 54 5 62
312 5.9120619797262561 21.151082415963803 40.285815274230529 93 47 58 1.5492234261612157 7 129 16 57 2 111 10 31 4 94 12 47 9 38 4 96 18 89 14 78
314 4.2921184571851034 26.557221558509955 42.110942550121969 103 57 69 1.527474602637011 10 42 16 77 11 40 19 26 28 39 24 50 21 40 22 54 27 45 30 70
316 -0.32258741702104771 20.889281172432192 44.597232639189023 126 100 129 0.36786176905455659 26 49 16 84 11 87 29 29 28 43
317 5.4352792858089707 20.903516210566483 40.031431196698463 96 53 62 1.3074413912394085 3 31 7 91 8 77 16 93 11 93 9 107 13 72
319 0.69146545208846244 23.053844357990904 42.94762495520478 61 13 29 0.15337066571142527 4 170 16 123
320 4.1063795405222105 22.308820008363675 39.66375165294793 54 10 20 0.67637792619836035 3 175 4 220 7 211 8 195 16 178 6 213 18 162 14 158 5 187 21 135 29 141
321 2.399418284468712 22.358313482463707 46.558552004013436 113 59 79 1.6213872539176197 4 223 7 213 10 199 16 181 8 199 2 182 8 189 6 218 18 159 9 175 15 160 5 193
322 2.2628508798677185 22.256732580483682 46.34940413680836 113 59 79 1.74838736345138 7 214 16 182 2 183 8 190 18 158 12 150 11 183
324 4.8243217417684994 20.928867395845963 36.799124355939142 67 14 20 1.480413039277332 7 229 10 206 16 191 2 203 11 196 18 169 12 170 9 187 13 168 15 169 14 170 5 204
325 -3.9201550680642341 23.714319057961273 42.14635875963593 129 102 142 1.9298559706510159 8 49 17 74 16 68 12 57 9 44 13 56 14 38 21 55 27 39 34 1 31 98 40 86 39 94 32 94
326 -0.70154749495221613 21.227774122656154 46.524755292158709 156 128 164 1.5820708319599803 8 2 11 0 19 27 13 33 29 22 26 1 24 23 23 3 27 24 30 1 22 4 37 2 33 0
330 -4.4658724229928008 21.823990664553616 44.038429609738898 170 145 186 0.80915835027138161 3 20 11 23 4 35 7 36 18 59 25 13 22 14 27 9 1 17
331 3.7202466778706147 25.477867513727823 50.236927226847733 87 19 32 1.2304893783916797 3 21 11 24 6 45 7 38 15 19
332 3.756667854187679 20.027267923717471 39.867543050404322 103 57 74 1.0437479172314896 8 33 11 25
333 3.4622913223167386 23.019459053517494 46.184729510174122 115 59 78 1.8213650577343037 3 18 8 71 11 53 7 37
334 4.7958141252779845 22.151130144363609 42.391787443396844 46 4 16 0.96038040215569564 10 118 11 60 18 63 9 68 5 70 7 44
336 4.329232935805325 24.710138426461928 39.396136037769701 105 58 75 1.139535376820934 2 94 16 102 11 74 3 44 1 110
338 -5.2598099505398057 21.813872787749986 47.063538591105022 96 52 75 2.465473448170616 4 115 8 68 11 80 19 59 18 6 2 101 18 75
339 -2.011963146599363 20.80605500349948 44.972991575625798 100 74 108 0.48204699670754975 26 29 11 83 6 28 21 22 29 25 28 22 24 24 23 19 25 27 22 33 27 25 30 32 37 56 34 59 31 0 40 50 38 47 32 48 39 54 36 41 35 44 33 45
343 2.1900945826762781 21.044363490909777 40.224304509698705 105 31 42 0.47313745176973132 2 162 3 159 4 195 7 189 8 171 10 172 11 154 6 190 9 153 5 169
344 2.9118682641468818 22.64906752238041 41.356739947930748 101 33 52 0.82126148897092355 8 174 10 176 11 158 6 194 18 139 5 171 28 97 4 172 23 105
346 -10.424779518931709 36.102695854679567 74.61795604777906 152 97 128 1.6485101542573384 10 170 11 173
347 -2.1265605008612392 20.703390285397727 45.678379279990594 83 48 67 0.56154388169703784 26 136 11 182 19 166 12 157 13 155 15 152 14 155 29 138 1 180 34 182 31 153 40 199 38 194 32 190 39 192 36 185 35 160 33 163
348 0.10133610930100355 21.981567139943042 41.588648203238428 88 24 43 2.2785388147754331 2 36 3 34 4 48 8 43 20 24 16 26 11 28 4 49 7 49 17 24 8 44 17 97 2 37 16 59 11 63 9 39 9 73 13 21 15 26 5 36 21 12 21 35 28 9 23 34 22 17 22 63
349 1.4194559674177596 22.306206634921796 43.816029887523037 105 71 99 1.633031141579985 8 37 17 21 6 47 8 36
351 -4.0770901844292169 2.4258044843401954 8.9333369550009714 149 103 137 0.20560211312935683 16 105 6 71
352 -1.4726657741532407 20.475892220324528 43.659250182732613 152 126 161 0.02639425531939767 26 9 6 84 22 8
353 -0.091650278807160243 21.426417053017683 40.92822337387328 104 36 54 0.77407908897492073 3 77 7 96 17 95 2 112 6 97 19 78 18 88 12 25 14 77 5 73 30 43
354 3.90755475002207 25.841253369055124 41.555195798511242 95 31 52 1.7027179485682897 3 40 20 34 6 108 18 44 14 85
355 0.56530271160214796 20.717919324148376 44.34849514980278 90 73 103 0.96435335138298017 2 17 3 14 11 18 6 30 8 103 26 68 4 80 7 145 10 62 10 133 2 66 20 75 17 86 16 46 19 65 18 95 19 97 12 34 9 95 9 116 13 37 15 51 5 61 21 67 29 65 28 65 24 69 23 68 25 64 22 75 27 74 30 73 1 50 1 127 37 120 31 84 40 113 38 111 32 117 39 87 36 100 35 71 35 98 33 92
356 1.0100943461363407 20.181153550194335 39.435265227871753 64 12 25 0.94894127064010636 3 28 19 18
357 1.8633148825983024 26.417873118492427 43.811731674633208 48 13 20 1.1492777959383529 3 86 19 24 18 42
359 0.96634315975972729 27.300755230917719 45.084739198032409 114 69 90 1.4628908346585985 3 115 4 104 7 57 10 94 19 54 18 41 26 25 9 81 5 43 25 46
361 3.8041609915256882 22.052778472307267 43.991601947634422 115 65 78 1.0626446340826645 10 111 19 74 18 82 13 126 16 148 15 121
362 -3.119665376133915 23.395089985696288 42.355277895290797 48 18 48 1.3817031268080373 26 113 19 83 14 83 21 96 29 103 23 130 25 111 27 119 27 133 37 174 34 164 31 137 40 179 38 188 32 150 32 183 39 185 36 157 35 139 33 146
365 -0.20985583627625731 20.801583580303571 44.2194684795519 126 100 128 1.5071613160020889 7 27 10 63 20 8 7 80 6 35 19 30 26 48 16 83 11 86 18 8 4 25 14 71 20 12 3 65 10 65 21 24 29 28 28 42 24 5 24 7 25 6 30 6 30 8
366 2.7206484482427062 23.228726188012953 49.181941419374461 112 66 86 0.030191602965016044 4 179 19 98
367 -0.24023198553545827 18.833880036806327 42.512876944975687 69 45 58 0.5670643812608378 4 0 18 0 12 0
368 1.3081144559963349 22.508340176398068 47.074213105539556 72 45 67 1.5931227809974662 10 16 18 52 3 16 4 27 6 33 9 21 5 24
369 6.4199897306994993 24.923520295406711 40.514352758451849 48 11 20 1.5766807792221578 8 50 20 115 13 85 23 17 7 134 8 89
371 5.1215020062053043 21.043820051639869 40.476726695281627 93 50 60 1.0920502651216348 4 91 17 23 18 87 3 30 5 69
373 0.64660304829106374 21.247657940650452 41.339038440534303 55 9 16 0.52334307488783594 4 164 7 158 8 146 10 147 26 57 3 135 2 140 17 125 16 118 6 161 19 109 18 85 6 126 8 112 17 94 4 125 10 115 12 105 9 104 13 105 14 98 5 107 21 51 29 55 28 49 24 55 23 31 25 35 22 60 27 53 30 57 37 97 34 123 31 94 38 124 32 131 36 76 36 117 35 108 33 70
374 -1.9306169910645228 21.198033292958499 44.596271472146178 132 102 133 1.2400078702699171 26 12 12 10 21 6 29 7 24 9 23 11 27 26 40 3 34 61 37 93 38 49 33 46
375 0.54415574111185305 21.325362188863998 43.137458911210665 108 83 105 0.45082423795260884 4 34 12 19
376 0.50505496792255855 21.656650623882374 46.054017838060425 102 79 101 0.30681043319585455 2 18 3 15 6 31 12 35 13 38
379 0.41762012555993688 26.712137973520637 45.44532404154296 120 73 95 1.2136316166758541 8 165 26 104 4 185 10 167 3 154 2 157 11 163 6 184 18 143 12 114 7 56 10 93 20 91 17 81 16 72 19 51 18 69 7 132 9 137 15 134 14 39 5 162 29 121 23 122 25 116 22 23 22 128 27 125 37 176 34 158 34 165 31 129 32 155 36 164 35 142 35 146 33 141
380 -0.0034823258509020499 9.4676968416857346 22.338951821716286 148 121 155 1.7626909018212018 2 1 16 39 5 17
384 7.5124047749037111 24.483553402554023 39.737858232474579 58 17 30 0.618849917780665 26 44 9 111
385 1.6555497149250571 -0.37528578369564408 2.1944287736246157 131 83 105 0.027096170746412657 8 169 9 118 5 156
387 1.4268409248766176 21.777403349696758 43.10565365081338 103 80 119 0.7517620658492552 11 109 12 101 16 139 17 120 19 137 20 127 9 142 13 100 14 93
390 -2.7100326677649744 21.990787749263962 41.717897782083618 21 1 24 0.59887254898207898 3 33 6 53 9 41 13 23 30 18 1 41
391 0.63322321895459988 23.891836522358066 41.79735838628676 97 35 49 0.38216412079346374 10 35 19 21 13 26 15 31
392 0.032336277432932922 21.936147409651738 43.565868244239546 54 38 61 0.62106395924076374 9 30 26 37 13 48 3 22 21 48 29 37
395 4.0242785712188942 22.686436601166619 39.361738425281104 71 11 19 1.2385571766624546 2 40 3 36 7 55 15 33 21 36 29 46 28 35 25 42 22 64
398 0.76415173267538516 20.94291074614468 41.292967535616746 111 74 97 1.6147797870921738 9 35 11 90 12 43 15 83 19 38 23 29 17 122 22 16
399 -13.637186969015039 25.797167290153759 56.403259526861866 107 65 81 0.73391936806084512 7 140 15 94
400 -2.9272664076989696 21.697140593302333 43.658633191858549 136 109 142 0.49491239444523533 2 105 15 99 5 140 25 52 25 77 22 41 27 51 1 89 1 113
401 -0.043434435334647893 20.746395353469122 43.017390953168373 0 0 0 0.94139488179603104 9 24 16 15
402 2.8101373870232931 26.138173130311472 52.422719543609865 112 58 72 0.84654968054239954 6 41 14 22 2 24 10 70 5 29
404 -2.2433347459247526 21.756747685870046 41.651605197689186 134 117 133 0.23233299476408972 6 52 14 29
405 2.170634603457235 25.077918003913162 53.805123258493609 67 35 48 1.4710810393981359 7 173 8 132 14 109
410 4.7433131370151012 21.415002172421225 41.423008854800358 125 78 97 0.5292140620452751 13 51 5 34
411 1.2939828869291843 22.620061096864884 48.472952167281477 127 89 115 1.4413315027882323 6 147 11 9 5 98
414 -3.6661135268226528 20.862188249323417 44.404609596596295 165 135 171 0.58909759405837858 26 97 5 168 21 91 29 99 28 66 29 68 24 70 25 98 22 105 27 75 37 145 36 136
417 5.0876409891178609 26.743664019011284 42.400575708424448 103 59 74 0.989099644100354 2 48 11 75 5 118 10 99 19 58 7 137 9 86 23 99 1 109
418 -1.9553391274231278 22.10295083485855 42.971926053116178 113 89 123 0.64929067628361192 6 50 21 11 30 42 34 0 31 2 40 52 38 50 32 51
422 -1.8792978057610807 22.434437544436658 41.924844222378184 123 107 147 1.7541885567101247 15 27 26 41 29 11 12 51 28 52 25 56 30 19 40 84
423 1.9762746284451951 21.821887582823884 43.080864607629245 48 13 20 0.71196180548262034 11 147 26 81 21 94 29 78 28 76 24 79 23 77 25 78 22 109 27 84 30 84
431 -1.2523097582213707 22.928206677921409 43.091575384260153 120 101 145 0.73033271192943594 19 80 29 45 27 36 34 90
433 -5.2195509992178755 24.667157304210477 41.816672214405088 174 164 198 0.85367340330933228 29 59 24 41 23 61 22 67 27 61
436 -4.8353954267226955 11.62154271265482 26.543402043359475 0 0 0 0.78325687376900666 4 149 20 7
450 -5.9422857847292736 24.634049771337391 44.975452098554051 84 56 81 1.306166537296092 20 55 29 13 28 33 19 46 22 47 27 38 30 46
451 -3.2414857581836589 22.357149245732582 41.101154356239348 142 125 170 1.8102393984862502 13 79 14 34 15 29 16 61 17 71 19 45 20 29 28 53 20 54 17 70 24 88
455 1.8558967162265532 3.6054982830153914 2.6184709527245071 117 75 111 0.0080079901760416097 26 118 28 101 23 87
458 -1.0519076227971529 21.659918042683291 42.750632178555335 21 3 19 0.47833104696910522 2 29 21 32 29 8 28 30 26 54 7 88 10 75 9 65 24 35 23 14 25 33 22 15 27 33 1 90
459 -4.9003740410519683 27.198219451500037 44.373252565735108 85 54 69 2.0998500455009768 17 34 28 61 29 50 7 60 17 33 4 105 11 73 12 32 22 25 22 51 27 20 30 25
460 0.16695394548920714 20.278358693504348 44.877696343221317 34 20 35 2.3331479495046432 7 1 9 0 24 1 8 1 23 1
462 -3.0668909854265398 21.160672487089364 45.57687504860769 114 94 136 0.76221721009642651 14 5 21 23 28 5 29 4 24 4 17 8 40 2
463 -0.074258739118968908 21.917081442805479 46.141856229525231 106 91 120 0.15401640957908244 3 66 10 66 20 11 24 6 30 7
464 -3.9969073566344981 20.558087849707196 43.544393588346757 137 118 153 2.2768878431654724 2 103 29 6 24 8 37 91 29 30 23 21 25 30 26 51 38 86 32 87 32 119 22 11
467 1.9356833441360137 5.4554470948563916 5.8953729532507655 0 0 0 0.2978801634782724 21 16 26 43
474 -2.9297558305626308 4.1600390251376016 10.02241731862922 109 68 100 0.78731391967167785 19 94 24 106
475 3.3270939105710489 22.11990083261351 43.437581794745178 58 12 20 0.3941100285853279 21 104 26 108 28 95 29 111 24 109 23 114 25 108 22 121 27 115 30 114
476 3.3333676178929874 22.132069881420588 43.460070421591809 58 12 20 0.3795959447566758 21 105 26 109 29 112 24 110 23 115 22 122 27 114 30 115
477 -2.1665634369524347 22.654069921942654 42.770421942612394 122 99 145 0.338430333723933 21 107 26 111 28 109 29 114 24 112 23 117 25 110 22 124 27 117 30 117 37 162 34 151 31 123 40 163 38 161 32 165 39 159 36 152 35 135 33 137
480 2.1723145090023985 23.077101955306631 42.642866912816316 22 8 15 0.25045030057590512 21 120 26 125 28 120 29 128 24 125 23 129 22 135 27 132 30 127
483 -4.6252446117817758 23.408551300919797 44.25928883619676 157 135 178 0.49684109825284006 21 142 26 146 28 138 29 149 24 143 23 148 25 139 22 154 27 154 30 144 37 209 34 205 31 172 40 215 38 213 32 209 39 211 36 202 35 178 33 180
484 4.7609451508105112 23.213396274762541 42.517054184142545 46 9 15 0.34322077582611638 21 143 26 147 28 139 29 150 24 144 23 149 25 140 22 155 27 155 30 145
485 -3.4769799417120359 22.299245520673342 43.048798938666089 141 120 162 1.001193507181942 13 18 14 55 24 11 23 32 16 25 19 19 15 23 25 16 34 63 31 49 38 51 39 57
486 -4.0262287480041676 22.99388920478755 40.071826062002188 98 85 121 1.6548385615259029 5 41 12 28 14 62 17 77 20 89 23 36 30 63 1 105 39 61 36 2
487 10.858316647828453 24.682103055619972 40.080879500873955 36 6 15 0.30990064714740806 24 44 23 40
488 2.1669298494473437 4.6421471557734248 3.5172104852377073 86 54 78 0.061281023540257037 21 43 23 47
490 -1.2867045445207892 21.901313830412974 43.01294846601396 146 121 165 1.0585895404410319 11 91 14 75 16 115 18 107 23 50 25 32 6 46 28 8 22 42 27 10 37 148 34 139 40 151 38 147 32 149 36 139 35 121 33 125
491 -0.75947881763691327 23.184758080575374 43.030470478930745 41 28 55 1.5038646219799594 17 69 19 81 20 88 23 55
492 14.7325196257115 24.277891912806446 39.193811987422535 60 37 43 1.1543187064789697 24 98 23 63 22 117 26 64 27 66 30 67
493 -2.3600036872788559 23.685729468368468 42.112165041322598 85 55 77 1.8204294522795774 24 90 23 84 30 89
494 0.40448750710901527 21.957572169982818 43.888224969370988 97 81 124 0.22202881317014522 24 104 26 99 23 102 22 107 27 106 21 92
495 -1.0898232002346175 21.306948785690278 43.639152907376086 113 90 133 1.1718244800483677 28 28 29 36 24 31 21 30 23 13 26 53 24 53 25 51 27 8 33 69
496 -2.3768612694458207 21.475313510393761 44.246288323000172 100 67 110 0.38676733573354355 26 33 10 69 3 69 11 51 6 88 9 64 4 86 16 50 18 57 12 40 15 79 14 21 5 66 29 35 28 27 24 29 23 25 26 34 4 85 10 68 3 70 2 72 20 45 17 55 16 49 11 50 6 87 19 35 18 56 12 41 9 63 13 43 15 78 14 20 5 65 21 28 29 34 28 26 24 30 23 24 25 11 25 12 2 73 8 31 22 38 22 39 27 29 30 35 30 36 1 9 1 10 37 58 34 88 34 89 40 81 40 82 38 89 38 90 31 70 39 91 36 73 36 74 35 76 35 77 33 68
497 -0.23840583312519159 20.041509548199844 44.294362240048436 33 18 36 0.19444501038158599 23 0 24 0 25 1 22 0
498 2.228146646207553 3.6198789808684086 2.4850570076628502 34 7 14 0.0027176757571070339 29 15 25 23
501 3.0399774078822972 27.61379218653051 44.493806282899939 111 69 92 0.66751074182435344 4 107 6 60 25 62 22 31 1 45
503 3.3116358117419025 6.4405372519440034 7.5681677123593678 0 0 0 0.39863994370807176 21 100 28 91
506 -3.0967834408418935 21.906799420444464 43.063892588273006 109 92 124 0.34334024140412489 4 42 14 26 25 15 12 44 16 53 20 51 29 39 15 21 14 27 28 31 25 14 1 31 1 32
507 2.5659704470771718 26.477985846086433 42.752023291633741 131 78 103 2.2090163379853176 26 65 9 83 29 98 24 101 25 59 16 35 6 58 24 20 22 52 30 54 23 42
508 0.49799493200492451 20.69691931904423 45.484118604679608 41 28 49 0.81481216622438246 6 10 7 4 22 2 1 1
510 6.0484024589461773 25.153097614113332 40.361250117459036 88 56 74 0.2452576881148904 17 36 22 30
511 -2.7880312957752427 21.091546339079823 45.497498175921251 124 103 144 0.66213698847997382 16 6 26 30 22 35
512 -5.3120241381130819 25.061704797605351 42.426263169909475 163 151 192 0.50139453112679044 24 42 22 68 27 62
513 1.7936917230712326 26.445362714636047 43.265938990093829 113 75 100 0.95282439688502119 12 116 22 69
519 5.6066841577517659 25.31447976470194 41.544695537348254 41 1 9 0.38351208156947569 2 198 22 151 27 151
521 -2.6496845001112863 23.224419462667981 42.978923566669224 110 86 118 2.1791814973586816 17 98 28 83 22 91 10 152 17 131 16 124 19 117 18 114 24 89 25 87 40 129
523 1.9255802558339949 3.5700201756175796 2.5483061791450505 161 115 152 0.00063848666041794512 26 88 22 102
524 3.0540546699868352 4.9698151396931305 5.3691236433083107 0 0 0 0.12508477424125178 21 145 25 141
525 -2.7214824036443708 21.017852133970809 45.896635975325466 64 45 75 1.2387294247976495 15 5 21 20 22 32 25 4 29 23 27 1 21 44 26 6 30 31 31 82 32 84 33 65 33 91
531 3.0864765915280175 26.992172234342704 43.930693319198596 83 38 59 0.10724082583076325 3 88 27 21
534 3.5191873816500978 26.42549300154247 42.193721218451188 109 68 91 0.54218106184508275 2 120 26 47 27 43
540 -30.011128834452602 36.368267880718705 40.718535043556159 167 150 181 0.84931237937972703 22 71 24 21 27 71
542 7.1983890662079153 23.818346715418667 38.684402342572078 0 0 0 2.1478588042880329 24 45 25 47
543 7.6569300133811442 23.303934506756789 37.18373719312028 91 56 76 1.1532554084896953 7 171 27 102 1 146
545 -1.4156247969095688 7.2138562129284693 9.5172990883034547 108 68 95 0.065111390048965656 21 98 27 122
549 -3.5961861241425641 21.073619032536659 45.78726395669046 54 36 62 0.75898690509104616 21 21 26 8 27 3 29 24 30 3 37 89 32 85
550 -3.9226635216363817 20.268608114419898 43.538691280908537 66 44 66 0.97612769946335964 21 2 22 7 23 8 27 4 30 4 37 90 38 48 30 5 39 55
551 -5.7533803072461085 23.729623604074579 45.746252135643381 80 55 84 1.2057616047534758 27 11 30 16 29 9
552 0.78776790784613759 2.0400814090849724 6.1968202952882629 166 145 176 0.00043273362222361517 24 19 30 20
553 -6.152954293002237 25.316846629461764 45.128185806022103 88 57 83 1.8827749894554815 22 95 30 47 28 85 38 174
554 -28.210868435017172 33.64007450570832 38.469979304480951 169 152 179 1.3331236177501351 25 24 30 55
555 -4.2208199109708087 27.19009451925335 45.617789738650387 128 95 122 0.66640019279224638 3 145 11 124 19 87 30 94 37 139 38 137
556 0.82480187138984762 24.073282919507843 39.704463835743738 121 82 102 0.60910174431836339 23 95 25 45 30 95 27 63
557 11.960140924511414 24.76841710177402 39.695501019775712 77 48 60 1.2758424618187045 30 97 29 97
558 0.19106813578500312 23.942974354720477 43.417239223249396 50 4 15 0.41275400054526146 21 110 22 111 28 98 30 103 40 169 38 166 32 170 39 163
560 14.434399591093619 24.860244475304398 39.960023600634067 72 40 50 0.2039062137994902 23 109 30 110
561 2.7073741434084111 26.814311535462458 41.288726552130036 115 75 100 1.7002841127228088 25 143 26 152 27 157 30 147
563 -3.3412210133021532 4.8401736831116589 13.158176344712913 201 148 175 0.1261009810093533 11 48 1 95
565 -0.61243292399680016 26.12305082232734 47.381592876109956 125 75 88 0.41742020005505853 17 133 1 119
566 2.2133477434211253 24.0307413704131 39.388321312264516 0 0 0 0.03624551204877885 24 62 30 52
567 -3.7476496462763143 19.707033183031427 41.786735765377422 114 91 112 1.9609657149482125 2 102 37 92 38 85 32 120 36 137 37 146
568 -0.77866750153751629 21.32122224664333 44.089660311712514 92 70 86 0.44401644501488124 21 74 23 73 30 78 25 73 26 76 27 50 28 71 25 50 37 127 31 69 31 91 34 118 40 80 38 118 32 126 39 121 36 110 35 104 33 101
572 0.35864448342403038 29.08795718174844 48.74254289582499 0 0 0 1.7706514435545748 20 155 24 117 30 120 11 169
573 -1.4104625253764449 20.652878961327069 45.378248234977612 65 42 70 2.037468509988908 21 1 28 21 24 22 26 0 23 2 37 87 28 0 29 21 30 0 36 68
574 -6.1220821804076682 24.409779857093486 44.212375351303727 92 61 84 1.8971956886092638 29 117 24 114 23 119 25 101 27 121 37 175 28 122 26 133 29 135 24 132 23 135 27 134 30 128 34 177 31 138 40 180 32 184 39 186 36 179 33 159
575 -4.6689080349081218 21.334436164032685 45.369974923889913 48 26 33 0.93758691222128732 21 5 23 10 26 11 34 85 31 68 40 51 32 86 39 88 36 71
576 -9.1957419096802866 31.095779148602322 55.073621250412295 111 67 69 0.72222555659564824 28 113 29 120 34 192
577 -6.480680811923742 24.147128701309626 44.62411776881072 54 32 35 1.6969003212349243 22 150 26 143 34 198 31 165 32 210 39 206
578 -5.8618431900851817 24.949414896199308 43.744630521283476 107 63 68 0.74653652026106354 25 21 37 64 31 52
585 -107.02361732166209 96.314775642685305 181.54258921676387 161 118 128 3.6561283420472197 29 94 40 138
593 -10.167477455093238 7.4145563546204638 4.8299564338787793 251 252 255 0.42888788715199871 31 76 40 99 32 104
644 -4.3434103927712497 31.870132791253639 56.139071242902553 34 18 28 0.95422556429091288 14 57 18 67 20 61 40 135 13 55 15 60
658 -5.6029328959959912 24.850160666311673 41.990872424520212 105 67 69 1.1775864304131958 19 23 40 57 12 63 16 34 14 63 39 97 33 6
660 -9.6898122905345456 6.5432966498838496 2.9763210619616216 45 75 141 0.253079021162047 31 25 38 27 39 26
678 -0.64667321808237943 25.924865073072151 47.192751292668639 0 0 0 0.56002566475018045 12 78 14 82 16 62 17 99 19 82 15 28 18 66 20 56 13 78 11 65 1 70
708 0.25616355862264134 20.662359209098625 45.056473392858628 117 94 121 1.1070295615104355 26 4 4 67 3 52 17 45 9 51 29 2 28 2 23 5 25 3 27 0 30 2 1 84 34 58 31 46 37 88 38 45 26 3 24 3 36 69 35 1
709 0.39254127459040572 25.398601550409932 44.103219284856642 78 25 42 1.2911189295708776 2 85 3 83 4 101 8 83 10 90 20 113 17 135 16 126 11 96 6 102 19 120 12 113 13 83 15 111 14 106 5 78 38 133 21 58 23 60 37 150 34 140 31 112 40 154 32 141 39 150 36 143 35 122 33 129
713 -4.3534648743159226 21.094668065548113 45.230249091785772 44 23 31 0.29662709420713157 22 9 32 50 35 45
723 -4.3991083759168159 21.100469493542889 44.274222321161076 0 0 0 0.12790576809573864 26 13 40 76
725 -0.44735272015166772 23.414627538884936 43.736656218855323 25 14 22 1.4185017896201733 25 39 32 134 27 37 28 11 33 126
727 -3.6341267716177694 25.314130306853432 43.801396891613095 92 58 63 0.66833483002816407 21 113 22 114 28 102 38 151 32 142
742 -4.8360658574131108 22.1770535340621 45.650377565750603 165 138 164 1.5559290717469525 26 98 17 154 16 146 19 142 12 134 21 75 29 100 28 93 24 102 23 101 22 106 27 105 30 99 31 121 32 162 31 135 34 163 37 172 40 178 38 173 39 173 36 169
748 -1.3741657967339063 22.089138154064418 41.419313242083632 94 72 85 0.29710454127914582 27 56 34 126 39 128
752 -0.31635810872108661 26.047107238587088 44.59461313662635 124 74 98 2.1888507467954903 3 184 6 220 8 204 18 163 13 160 14 161 27 150 29 148 30 141 37 200 38 207 28 132 29 142 24 137 21 129 23 142 22 146 34 191 40 206 38 205 32 203 39 202
757 -25.258346718330024 24.890233659457394 22.884147402444 253 253 254 0.64860601414195485 34 36 37 38 38 31 40 28 36 25 39 74 32 70 35 22
758 -2.9483594123405301 0.86407791982420867 -3.7561325856417218 128 94 104 0.024921541941481107 37 49 39 82 36 39 33 36
764 -25.574657128876176 23.92995554266804 21.812172045065516 64 60 90 0.45370849313212669 34 70 37 74 38 69 39 76 40 100 36 58 35 55 33 57
781 -24.167740305728067 25.985475300017733 20.004192520225288 81 74 116 0.37062245432825242 34 108 37 143 38 108 40 110 36 135 37 117 32 113 35 70 33 89 33 122
794 -24.816493888411586 25.41742223274705 24.478280087477252 254 254 254 1.4773291611041663 34 195 37 193 38 192 39 190 40 197 36 195 32 200 35 171 33 173
795 -22.452783728874039 24.276416058943653 19.084607516494543 165 165 191 1.2328140172690256 32 202 34 197 37 203 38 206 39 205 40 209 36 197 33 177 35 175
798 -4.5632533746543622 21.156226032219035 46.210962871269388 0 0 0 0.75880379176551704 23 152 27 156 30 146
810 -28.922577204174253 22.236821908188571 22.197469616193239 38 76 149 1.0884765612446234 34 207 37 211 38 216 40 219 36 205 39 213 35 180 32 212 33 183
812 -27.024541489839944 20.558920178575907 28.302011916897875 151 131 161 1.2411186818235393 38 60 39 15 40 16 35 12 32 17 33 15
813 -24.712595677676806 23.635172682888381 28.196013842152464 219 217 245 0.39806091471968014 32 59 36 12 37 26 38 21 39 16 40 20 35 14 33 19
814 -25.030560764244534 24.522065184404141 27.851696252062514 172 174 201 0.70989302580498348 34 26 36 16 37 105 38 97 39 18 40 60 35 15 32 101
815 -28.051185008491125 24.45275795621361 23.102399401923581 252 251 255 0.2436175044423029 32 25 37 34 35 19 33 27 34 33 40 25
818 -28.685429967979285 22.593419067938882 24.260494410327318 36 56 96 0.43807223287913921 36 88 38 98 39 69 40 94 35 53 37 141 33 76
820 -25.030239209816404 23.1156825153423 28.571227106895215 114 111 139 0.47376137766554804 34 95 36 87 37 104 38 96 39 98 40 142 35 83 33 74
822 -26.815481676084026 24.53754854430888 23.027861683496916 51 45 88 0.18641303046024532 32 105 34 101 36 89 37 73 38 67 39 100 40 98 35 86 33 78
823 -29.97972726739102 24.425051574367792 20.414986490010516 23 48 101 0.64466407445380491 34 44 36 91 37 80 38 76 39 102 40 71 35 88 32 37 32 147 36 128 39 143 33 32 33 118
824 -29.589930770501688 24.497167481668008 20.241653445895626 242 252 255 0.49122704360478825 32 108 34 75 36 65 37 112 38 102 39 104 40 105 35 90 33 81
825 -29.589930770501688 24.497167481668008 20.241653445895626 242 252 255 0.49122704360478825 32 109 34 76 36 66 37 113 38 103 39 103 40 106 35 91 33 82
829 -29.013166287323994 24.867419146195882 23.527186868627403 252 254 252 0.23399968460854204 32 158 34 142 36 144 37 154 38 154 39 154 40 172 35 124 33 130
830 -26.101562210327419 25.779730947684065 24.391665913028227 172 173 203 0.71560802180163152 34 143 36 145 37 156 39 139 40 144 35 125 37 108 34 99 40 96 33 142
831 -25.922739288438621 25.622791570835062 24.186805636960429 172 173 203 0.48223580191111776 34 144 36 146 37 155 39 140 40 145 35 126 33 143
832 -25.723283616552362 25.83421567333362 22.633967077614457 254 253 254 0.27046143274983847 32 159 34 145 36 127 37 157 38 155 39 155 40 157 35 127 33 131
833 -27.590710488816693 24.904731221693307 18.863315000154916 86 110 195 1.208630348545185 32 174 34 160 37 171 38 171 39 169 40 176 35 130
834 -25.718517712743395 25.742982645997209 22.661400368247605 254 254 254 0.16764477028088551 32 172 34 159 36 165 37 170 40 173 35 144 33 144
836 -25.044899108454072 23.517558077468259 27.291495109836735 135 150 189 0.47088610313309398 32 175 34 167 36 173 37 178 38 177 39 174 40 181 35 149 33 148
837 -28.215554685361109 24.125080951952476 22.885160201628683 254 254 253 0.15683463488321456 32 176 34 168 36 174 37 179 38 178 39 175 40 182 35 150 33 149
838 -28.075293763040904 22.482204911604523 27.190935906675634 158 171 211 0.37879252440880173 32 187 34 180 36 183 37 192 38 190 39 189 40 195 35 158 33 161
839 -25.665297676192797 25.256889636140656 22.70495699969176 255 255 252 0.22547358054434699 32 189 34 181 36 184 37 194 38 193 39 191 40 198 35 159 33 162
842 -27.211676535400446 24.940078070959583 22.833379158539103 84 77 144 0.15020435264447166 32 205 34 200 36 198 37 205 38 209 39 207 40 211 35 173 33 175
843 -27.797486546996829 24.615152997660516 20.69389467217837 94 101 171 0.43024761913550114 32 206 34 201 36 199 37 206 38 210 39 208 40 212 35 174 33 176
844 -26.761185919507813 21.545365518822159 27.024994573336478 137 152 194 0.325833843290738 32 211 34 206 36 203 37 210 35 179 33 181
846 -26.744519195734014 25.523005210955624 20.351061004384437 44 62 128 0.84907164364607479 32 215 34 210 36 207 37 213 38 217 39 216 40 220 35 183 33 186
847 -26.413256739634669 24.343119010605186 25.085595926984865 255 255 255 0.44725320274155589 32 216 34 212 36 209 37 215 38 219 39 218 40 221 35 184 33 187
848 -29.357306174219403 15.703443361269116 34.324681066828532 74 59 78 1.4079389339994124 32 217 34 213 36 210 37 216 38 220 39 219 40 222 35 185 33 188
849 -1.2253727608525844 21.304843787388798 44.244541765274811 98 67 104 0.32155098145288447 4 81 20 44 17 92 16 86 6 85 19 69 9 98 21 27 29 31 24 27 23 22 27 28 38 88 35 73 8 105 4 82 7 82 26 32 10 67 3 68 20 43 17 91 16 87 11 49 6 86 19 70 18 54 12 75 9 97 13 42 15 52 15 53 14 73 5 63 21 26 29 32 28 24 24 26 23 23 25 31 22 36 30 34 1 86 37 94 40 78 32 89 31 48 34 86 39 89 36 72 35 74 33 66
866 -5.1165930051072444 1.8572173926791533 -0.49480215308424574 101 67 84 0.014180255602147054 31 72 33 108
867 -24.960568837100379 22.902262905693885 27.961045668729934 165 180 219 0.68584451368533172 32 146 35 117 38 140 33 117
874 -26.219038499838454 24.085674814122399 24.934655788528811 255 255 255 0.21277611357276549 32 214 34 209 35 182 33 185
