# Frame list with one line of data per frame:
#   FRAME_ID, RIG_ID, RIG_FROM_WORLD[QW, QX, QY, QZ, TX, TY, TZ], NUM_DATA_IDS, DATA_IDS[] as (SENSOR_TYPE, SENSOR_ID, DATA_ID)
# Number of frames: 40
1 1 0.99022868572036327 0.12929553768793078 0.038920654271175713 0.034856801081203925 -4.2298245717216529 18.10208881999726 3.2506740943703796 1 CAMERA 1 1
2 1 0.99853786587396431 -0.039132334685796362 0.022585208857622642 0.029676575590273521 -2.6865720067295391 2.528803185697023 0.31059363698368803 1 CAMERA 1 2
3 1 0.99867738755934987 -0.035915049144931724 0.023981652265069594 0.02790098882094718 -2.6321975308243721 2.5912403979854974 0.066492565657472996 1 CAMERA 1 3
4 1 0.99863585773888353 -0.035280910610192201 0.02564271884097806 0.028707698533369057 -2.6983904791547113 2.5973697553240038 0.028014190225338593 1 CAMERA 1 4
5 1 0.99864649925296289 -0.034836338111513522 0.026102594394679497 0.028464954639855305 -2.6969528233706876 2.5988008195305898 0.032700599193372266 1 CAMERA 1 5
6 1 0.99871782714630108 -0.034519791054156035 0.025492489422892863 0.026855516170284453 -2.6886897032193113 2.6074293814435481 0.030572531819096062 1 CAMERA 1 6
7 1 0.99879481280920412 -0.033983091888659757 0.02453027615219151 0.025540887279246201 -2.6835814999809116 2.6144234600698262 0.027515222151531508 1 CAMERA 1 7
8 1 0.99875825482827663 -0.034861757688826107 0.023574500607376096 0.026661755087272119 -2.5722258774017011 2.6097429644884733 0.013235970015319823 1 CAMERA 1 8
9 1 0.99875607605092498 -0.034661673757985415 0.024486830724578412 0.026177548485679946 -2.6264564446923702 2.6158880550091008 0.0020087532055314962 1 CAMERA 1 9
10 1 0.9987829070759443 -0.034752297907416532 0.024491539141301789 0.025002936498938776 -2.6197064391523943 2.6166786952494987 0.024089710161434109 1 CAMERA 1 10
11 2 0.99489238153266935 -0.068359292411792394 0.070739251456997443 0.022629949458986498 1.6006085792588498 5.3217088012262153 2.4604252494916516 1 CAMERA 2 11
12 2 0.99416939452431152 -0.090033486742041063 0.055173901436657138 0.021840944496348862 2.5897942932253262 2.5763818350169325 0.21400869982744145 1 CAMERA 2 12
13 2 0.99426764480468155 -0.087142438946045481 0.058050734162027336 0.021636961254671381 2.5320581996303524 2.589652962567353 0.069907215183894533 1 CAMERA 2 13
14 2 0.99425112758095102 -0.086626531143538119 0.059026467319822293 0.021826945773218955 2.5309519180119722 2.5909634377564896 0.060237886425034533 1 CAMERA 2 14
15 2 0.99430019620758237 -0.086187511258153562 0.058897561466191968 0.021677407087225133 2.5897806766327451 2.5891068508746509 0.066920609186526481 1 CAMERA 2 15
16 2 0.99437524449867887 -0.086123825201101456 0.05831381058290807 0.020001483850548028 2.5960099670213106 2.5820925784580733 0.062356940858565142 1 CAMERA 2 16
17 2 0.99441932095483065 -0.08589481947175126 0.058184907438885984 0.019152301323264533 2.5431069132190975 2.5786687639629799 0.058303915566848614 1 CAMERA 2 17
18 2 0.99443241312763941 -0.086502525634441579 0.056610505117614715 0.02041419825345215 2.7125974884460842 2.5843045655110961 0.064117492669343676 1 CAMERA 2 18
19 2 0.99436321307997899 -0.086296746534425636 0.058239573420250025 0.020070478286800579 2.5959399036965292 2.5825989298053305 0.059435785967161821 1 CAMERA 2 19
20 2 0.99441591045979238 -0.086664044780127569 0.0572732550743257 0.018604155986268713 2.6691333363447334 2.5744665647271399 0.06583034695938518 1 CAMERA 2 20
21 3 0.98539050221862579 -0.16723753206612763 0.022027651285702762 0.023493586030892959 -3.1303228891158428 -1.2537242847189087 -3.3737695728268986 1 CAMERA 3 21
22 3 0.97975521645325492 -0.19828596919880426 0.017596639349266568 0.021277888408819348 -2.7299013607211888 -3.1533044590911055 -1.896613872122588 1 CAMERA 3 22
23 3 0.98046939422877188 -0.19442553627279915 0.019899849230486311 0.021965286847739497 -2.7713522802919917 -3.1345776068755562 -2.0749977754395763 1 CAMERA 3 23
24 3 0.98058559735301998 -0.19377999830702286 0.020819652085149985 0.021627311599098302 -2.7778417879567372 -3.129332190427133 -2.0755885169356998 1 CAMERA 3 24
25 3 0.98077510331411599 -0.19287511554248832 0.020682983950556531 0.02125089877059327 -2.7381413485085444 -3.1221882768637226 -2.069095965520924 1 CAMERA 3 25
26 3 0.98094348961551614 -0.19210120913723708 0.019564736537279526 0.021545688969541055 -2.729950890330004 -3.1214905944577156 -2.0785902670956871 1 CAMERA 3 26
27 3 0.98106226821007936 -0.19162695025787937 0.019163823001956595 0.020704726931508016 -2.7746287457274663 -3.1158901549957947 -2.1046160293569263 1 CAMERA 3 27
28 3 0.98091458545382904 -0.1922280432054517 0.01928480932008585 0.021978434403611122 -2.7260511004296339 -3.1245022459844711 -2.0792825620036215 1 CAMERA 3 28
29 3 0.98094362307428873 -0.19208409169037122 0.01926095814994561 0.021961911586170019 -2.7260431039692814 -3.123813951727235 -2.0804267721040843 1 CAMERA 3 29
30 3 0.98093480464572036 -0.192217411735252 0.019192173852289461 0.021237611054133278 -2.7295127244189001 -3.1206452259261819 -2.080528561604166 1 CAMERA 3 30
31 4 0.99914017112877074 -0.014211099416279056 0.03773036830978841 0.0096634568017530467 3.0776357428690146 -3.8752452661664312 2.57210732684841 1 CAMERA 4 31
32 4 0.99911861537943947 -0.008864751413986122 0.03745251558735814 0.016754631026039021 3.2664996081753728 -3.5859644739586023 1.8638608172304383 1 CAMERA 4 32
33 4 0.99891976605360422 -0.005447258213943768 0.04227866515298858 0.01849710350959954 3.0522729507073407 -3.5428992642040571 1.7136061757517789 1 CAMERA 4 33
34 4 0.99888187177225785 -0.0045417503508690818 0.043214392366740718 0.018625118546591185 3.0434388278761557 -3.5114171886639811 1.6295496836684358 1 CAMERA 4 34
35 4 0.99899988052189981 -0.0039842503170691738 0.04115336468052732 0.01702248636693645 3.2456256309728042 -3.5260462502311438 1.6351318084137636 1 CAMERA 4 35
36 4 0.99889929316404047 -0.003733645161747616 0.043006383219095473 0.01834974148588581 3.0621508159539363 -3.5787313841483566 1.7661834754672674 1 CAMERA 4 36
37 4 0.99894783498985984 -0.003266111642196784 0.042423093223214144 0.017112470458322235 3.0411648596327234 -3.5548299847122489 1.6878306415489071 1 CAMERA 4 37
38 4 0.99889924403795827 -0.0038838248664053642 0.042738622786899223 0.018937430846920268 3.0721979104756603 -3.5850362199506445 1.7937172591245105 1 CAMERA 4 38
39 4 0.99901921176536368 -0.0037975112604574984 0.040583848250221641 0.017295799869942528 3.231047717598968 -3.57485383955592 1.7411260332310159 1 CAMERA 4 39
40 4 0.99890877015592883 -0.0039960016237347747 0.042877593781501515 0.01807796526441835 3.0621120858076529 -3.5894806733283238 1.7937210220639581 1 CAMERA 4 40
